399.460154  	83.269066 
400.897061  	82.693779 
402.333968  	82.489057 
403.770875  	81.320341 
405.207782  	80.250012 
406.644689  	80.728890 
408.081596  	80.485454 
409.518503  	81.668735 
410.955410  	83.098777 
412.392317  	82.085742 
413.829224  	81.955178 
415.266131  	82.143330 
416.703038  	81.780857 
418.139945  	81.887157 
419.576852  	80.281323 
421.013759  	80.843624 
422.450666  	81.897009 
423.887574  	81.510192 
425.324481  	82.185548 
426.761388  	82.125774 
428.198295  	80.912467 
429.635202  	80.916258 
431.072109  	80.377551 
432.509016  	80.264298 
433.945923  	81.340365 
435.382830  	81.061457 
436.819737  	80.886877 
438.256644  	81.206717 
439.693551  	81.023932 
441.130458  	81.328565 
442.567365  	81.261245 
444.004272  	81.314646 
445.441179  	81.926354 
446.878086  	81.786143 
448.314993  	81.746028 
449.751900  	81.479839 
451.188807  	81.176328 
452.625714  	81.890777 
454.062621  	81.746657 
455.499528  	81.683008 
456.936435  	82.700895 
458.373342  	82.386265 
459.810249  	82.042387 
461.247156  	81.952427 
462.684063  	81.471032 
464.120970  	81.902566 
465.557877  	81.686389 
466.994784  	80.972425 
468.431691  	81.217767 
469.868598  	80.803215 
471.305505  	80.709967 
472.742413  	81.538517 
474.179320  	81.229431 
475.616227  	81.269026 
477.053134  	81.659914 
478.490041  	81.327416 
479.926948  	81.465107 
481.363855  	81.697224 
482.800762  	81.367922 
484.237669  	81.325301 
485.674576  	81.581378 
487.111483  	81.763920 
488.548390  	81.619202 
489.985297  	81.340195 
491.422204  	81.265563 
492.859111  	81.041251 
494.296018  	80.760421 
495.732925  	80.721666 
497.169832  	80.917619 
498.606739  	81.377421 
500.043646  	81.643249 
501.480553  	81.654902 
502.917460  	81.486228 
504.354367  	81.198101 
505.791274  	81.270564 
507.228181  	81.322066 
508.665088  	81.124140 
510.101995  	81.305641 
511.538902  	81.364603 
512.975809  	81.189146 
514.412716  	81.288041 
515.849623  	81.265645 
517.286530  	81.222005 
518.723437  	81.309878 
520.160344  	81.264701 
521.597251  	81.316426 
523.034159  	81.275860 
524.471066  	81.214891 
525.907973  	81.417362 
527.344880  	81.396674 
528.781787  	81.255116 
530.218694  	81.149507 
531.655601  	81.065116 
533.092508  	81.325825 
534.529415  	81.369852 
535.966322  	81.087999 
537.403229  	81.166313 
538.840136  	81.229825 
540.277043  	81.234431 
541.713950  	81.443897 
543.150857  	81.447363 
544.587764  	81.410899 
546.024671  	81.397936 
547.461578  	81.264453 
548.898485  	81.365389 
550.335392  	81.420249 
551.772299  	81.240604 
553.209206  	81.252617 
554.646113  	81.409991 
556.083020  	81.502036 
557.519927  	81.434427 
558.956834  	81.350695 
560.393741  	81.432880 
561.830648  	81.394585 
563.267555  	81.315708 
564.704462  	81.440163 
566.141369  	81.509295 
567.578276  	81.501098 
569.015183  	81.483041 
570.452090  	81.465744 
571.888997  	81.527597 
573.325905  	81.496187 
574.762812  	81.501206 
576.199719  	81.667114 
577.636626  	81.624967 
579.073533  	81.488382 
580.510440  	81.511584 
581.947347  	81.601225 
583.384254  	81.718604 
584.821161  	81.767335 
586.258068  	81.747880 
587.694975  	81.735700 
589.131882  	81.720536 
590.568789  	81.836989 
592.005696  	81.952498 
593.442603  	81.903626 
594.879510  	81.888654 
596.316417  	81.858331 
597.753324  	81.831907 
599.190231  	81.899067 
600.627138  	81.871796 
602.064045  	81.876715 
603.500952  	81.988353 
604.937859  	82.025059 
606.374766  	82.043367 
607.811673  	82.027117 
609.248580  	82.037290 
610.685487  	82.165890 
612.122394  	82.162600 
613.559301  	82.117243 
614.996208  	82.192490 
616.433115  	82.227171 
617.870022  	82.264218 
619.306929  	82.294935 
620.743836  	82.249094 
622.180744  	82.282917 
623.617651  	82.342774 
625.054558  	82.379789 
626.491465  	82.439299 
627.928372  	82.485656 
629.365279  	82.516433 
630.802186  	82.515021 
632.239093  	82.536897 
633.676000  	82.609429 
635.112907  	82.641396 
636.549814  	82.646002 
637.986721  	82.697934 
639.423628  	82.699111 
640.860535  	82.743631 
642.297442  	82.847754 
643.734349  	82.873868 
645.171256  	82.910232 
646.608163  	82.956878 
648.045070  	82.989324 
649.481977  	83.057977 
650.918884  	83.101753 
652.355791  	83.113430 
653.792698  	83.152823 
655.229605  	83.180667 
656.666512  	83.203112 
658.103419  	83.234519 
659.540326  	83.301772 
660.977233  	83.360856 
662.414140  	83.392212 
663.851047  	83.412704 
665.287954  	83.470507 
666.724861  	83.535714 
668.161768  	83.577716 
669.598675  	83.593395 
671.035582  	83.653384 
672.472490  	83.737624 
673.909397  	83.770446 
675.346304  	83.809215 
676.783211  	83.859179 
678.220118  	83.839561 
679.657025  	83.898758 
681.093932  	83.998321 
682.530839  	84.055779 
683.967746  	84.120799 
685.404653  	84.143775 
686.841560  	84.137526 
688.278467  	84.184272 
689.715374  	84.240550 
691.152281  	84.323728 
692.589188  	84.417992 
694.026095  	84.461688 
695.463002  	84.501186 
696.899909  	84.535458 
698.336816  	84.570744 
699.773723  	84.651551 
701.210630  	84.683565 
702.647537  	84.727963 
704.084444  	84.824492 
705.521351  	84.887297 
706.958258  	84.931316 
708.395165  	84.991097 
709.832072  	85.058586 
711.268979  	85.104828 
712.705886  	85.161736 
714.142793  	85.273942 
715.579700  	85.363237 
717.016607  	85.360328 
718.453514  	85.372454 
719.890421  	85.428995 
721.327328  	85.523927 
722.764236  	85.605351 
724.201143  	85.619396 
725.638050  	85.644858 
727.074957  	85.741379 
728.511864  	85.810508 
729.948771  	85.868448 
731.385678  	85.935849 
732.822585  	86.016349 
734.259492  	86.087813 
735.696399  	86.096869 
737.133306  	86.147630 
738.570213  	86.272631 
740.007120  	86.334059 
741.444027  	86.347617 
742.880934  	86.417858 
744.317841  	86.542789 
745.754748  	86.621282 
747.191655  	86.604047 
748.628562  	86.616521 
750.065469  	86.705448 
751.502376  	86.787131 
752.939283  	86.848748 
754.376190  	86.922793 
755.813097  	87.042581 
757.250004  	87.121572 
758.686911  	87.104460 
760.123818  	87.180285 
761.560725  	87.302380 
762.997632  	87.298183 
764.434539  	87.354215 
765.871446  	87.505329 
767.308353  	87.594494 
768.745260  	87.658273 
770.182167  	87.670887 
771.619075  	87.671132 
773.055982  	87.776343 
774.492889  	87.859298 
775.929796  	87.876310 
777.366703  	87.913809 
778.803610  	87.942198 
780.240517  	88.014448 
781.677424  	88.163015 
783.114331  	88.262795 
784.551238  	88.302984 
785.988145  	88.379752 
787.425052  	88.473831 
788.861959  	88.507178 
790.298866  	88.535070 
791.735773  	88.628819 
793.172680  	88.710754 
794.609587  	88.740571 
796.046494  	88.777828 
797.483401  	88.865581 
798.920308  	88.982348 
800.357215  	89.037678 
801.794122  	89.058196 
803.231029  	89.139967 
804.667936  	89.234884 
806.104843  	89.324751 
807.541750  	89.417034 
808.978657  	89.457436 
810.415564  	89.504557 
811.852471  	89.599184 
813.289378  	89.690573 
814.726285  	89.778243 
816.163192  	89.846268 
817.600099  	89.893721 
819.037006  	89.953691 
820.473913  	90.021827 
821.910821  	90.084925 
823.347728  	90.128476 
824.784635  	90.195571 
826.221542  	90.304761 
827.658449  	90.398042 
829.095356  	90.498320 
830.532263  	90.565053 
831.969170  	90.563813 
833.406077  	90.631018 
834.842984  	90.714373 
836.279891  	90.762004 
837.716798  	90.885090 
839.153705  	90.962312 
840.590612  	90.982269 
842.027519  	91.084188 
843.464426  	91.145935 
844.901333  	91.180861 
846.338240  	91.265192 
847.775147  	91.297519 
849.212054  	91.360389 
850.648961  	91.481848 
852.085868  	91.568059 
853.522775  	91.676433 
854.959682  	91.754175 
856.396589  	91.762071 
857.833496  	91.794220 
859.270403  	91.826857 
860.707310  	91.889340 
862.144217  	92.015954 
863.581124  	92.110709 
865.018031  	92.166531 
866.454938  	92.224245 
867.891845  	92.313616 
869.328752  	92.428750 
870.765660  	92.496061 
872.202567  	92.538944 
873.639474  	92.589247 
875.076381  	92.635955 
876.513288  	92.693195 
877.950195  	92.719313 
879.387102  	92.783879 
880.824009  	92.928765 
882.260916  	92.981110 
883.697823  	92.985650 
885.134730  	93.069494 
886.571637  	93.130303 
888.008544  	93.166130 
889.445451  	93.228659 
890.882358  	93.289753 
892.319265  	93.364196 
893.756172  	93.431824 
895.193079  	93.488637 
896.629986  	93.549103 
898.066893  	93.586342 
899.503800  	93.625762 
900.940707  	93.663176 
902.377614  	93.704425 
903.814521  	93.792022 
905.251428  	93.859293 
906.688335  	93.905592 
908.125242  	93.981944 
909.562149  	94.021902 
910.999056  	94.034165 
912.435963  	94.074409 
913.872870  	94.127543 
915.309777  	94.179277 
916.746684  	94.214146 
918.183591  	94.263029 
919.620498  	94.333043 
921.057406  	94.375526 
922.494313  	94.420154 
923.931220  	94.466343 
925.368127  	94.498894 
926.805034  	94.557647 
928.241941  	94.608665 
929.678848  	94.656851 
931.115755  	94.712976 
932.552662  	94.714298 
933.989569  	94.730027 
935.426476  	94.789253 
936.863383  	94.805339 
938.300290  	94.815164 
939.737197  	94.843812 
941.174104  	94.866504 
942.611011  	94.902446 
944.047918  	94.943283 
945.484825  	94.994171 
946.921732  	95.039799 
948.358639  	95.077607 
949.795546  	95.146079 
951.232453  	95.162362 
952.669360  	95.124991 
954.106267  	95.152747 
955.543174  	95.197081 
956.980081  	95.223087 
958.416988  	95.269302 
959.853895  	95.305050 
961.290802  	95.339027 
962.727709  	95.364789 
964.164616  	95.375829 
965.601523  	95.409609 
967.038430  	95.428790 
968.475337  	95.441881 
969.912244  	95.474478 
971.349152  	95.491390 
972.786059  	95.525048 
974.222966  	95.546689 
975.659873  	95.538110 
977.096780  	95.598837 
978.533687  	95.672872 
979.970594  	95.684956 
981.407501  	95.686521 
982.844408  	95.672122 
984.281315  	95.673452 
985.718222  	95.724274 
987.155129  	95.773239 
988.592036  	95.805257 
990.028943  	95.804116 
991.465850  	95.800406 
992.902757  	95.835901 
994.339664  	95.834525 
995.776571  	95.802869 
997.213478  	95.810050 
998.650385  	95.844888 
1000.087292  	95.912070 
1001.524199  	95.965221 
1002.961106  	95.957025 
1004.398013  	95.951277 
1005.834920  	95.970536 
1007.271827  	96.008205 
1008.708734  	96.047174 
1010.145641  	96.033091 
1011.582548  	96.009192 
1013.019455  	96.027373 
1014.456362  	96.055884 
1015.893269  	96.077496 
1017.330176  	96.081944 
1018.767083  	96.081600 
1020.203991  	96.100551 
1021.640898  	96.116622 
1023.077805  	96.118479 
1024.514712  	96.116573 
1025.951619  	96.124514 
1027.388526  	96.135576 
1028.825433  	96.125876 
1030.262340  	96.125914 
1031.699247  	96.138340 
1033.136154  	96.131016 
1034.573061  	96.135512 
1036.009968  	96.150320 
1037.446875  	96.156357 
1038.883782  	96.163827 
1040.320689  	96.149864 
1041.757596  	96.152248 
1043.194503  	96.191839 
1044.631410  	96.186948 
1046.068317  	96.155979 
1047.505224  	96.168787 
1048.942131  	96.204143 
1050.379038  	96.212240 
1051.815945  	96.178812 
1053.252852  	96.174507 
1054.689759  	96.208261 
1056.126666  	96.192053 
1057.563573  	96.176838 
1059.000480  	96.210034 
1060.437387  	96.204637 
1061.874294  	96.168662 
1063.311201  	96.172786 
1064.748108  	96.210201 
1066.185015  	96.225853 
1067.621922  	96.200708 
1069.058829  	96.204273 
1070.495737  	96.228124 
1071.932644  	96.199980 
1073.369551  	96.185666 
1074.806458  	96.217218 
1076.243365  	96.212772 
1077.680272  	96.176867 
1079.117179  	96.152879 
1080.554086  	96.139145 
1081.990993  	96.139842 
1083.427900  	96.142403 
1084.864807  	96.125684 
1086.301714  	96.125699 
1087.738621  	96.158557 
1089.175528  	96.147077 
1090.612435  	96.090596 
1092.049342  	96.087062 
1093.486249  	96.114732 
1094.923156  	96.119756 
1096.360063  	96.130605 
1097.796970  	96.131753 
1099.233877  	96.105473 
1100.670784  	96.083104 
1102.107691  	96.084641 
1103.544598  	96.106721 
1104.981505  	96.107920 
1106.418412  	96.101105 
1107.855319  	96.123573 
1109.292226  	96.117564 
1110.729133  	96.102030 
1112.166040  	96.139440 
1113.602947  	96.159077 
1115.039854  	96.148763 
1116.476761  	96.163206 
1117.913668  	96.170493 
1119.350575  	96.158820 
1120.787483  	96.162097 
1122.224390  	96.194268 
1123.661297  	96.224655 
1125.098204  	96.213559 
1126.535111  	96.197989 
1127.972018  	96.199940 
1129.408925  	96.203693 
1130.845832  	96.231232 
1132.282739  	96.248883 
1133.719646  	96.237177 
1135.156553  	96.249991 
1136.593460  	96.264110 
1138.030367  	96.257726 
1139.467274  	96.262627 
1140.904181  	96.265913 
1142.341088  	96.268036 
1143.777995  	96.279924 
1145.214902  	96.292713 
1146.651809  	96.304328 
1148.088716  	96.302228 
1149.525623  	96.306841 
1150.962530  	96.323101 
1152.399437  	96.307330 
1153.836344  	96.286416 
1155.273251  	96.292845 
1156.710158  	96.309071 
1158.147065  	96.329911 
1159.583972  	96.328365 
1161.020879  	96.320931 
1162.457786  	96.354563 
1163.894693  	96.380953 
1165.331600  	96.375517 
1166.768507  	96.370882 
1168.205414  	96.360322 
1169.642322  	96.351921 
1171.079229  	96.350499 
1172.516136  	96.347681 
1173.953043  	96.358921 
1175.389950  	96.358536 
1176.826857  	96.343902 
1178.263764  	96.366247 
1179.700671  	96.390429 
1181.137578  	96.370554 
1182.574485  	96.357655 
1184.011392  	96.365795 
1185.448299  	96.352667 
1186.885206  	96.338111 
1188.322113  	96.354818 
1189.759020  	96.373084 
1191.195927  	96.367210 
1192.632834  	96.349451 
1194.069741  	96.343189 
1195.506648  	96.361403 
1196.943555  	96.374149 
1198.380462  	96.355410 
1199.817369  	96.330150 
1201.254276  	96.321837 
1202.691183  	96.336447 
1204.128090  	96.357465 
1205.564997  	96.358659 
1207.001904  	96.353358 
1208.438811  	96.344989 
1209.875718  	96.328573 
1211.312625  	96.333035 
1212.749532  	96.345184 
1214.186439  	96.342772 
1215.623346  	96.342192 
1217.060253  	96.333612 
1218.497160  	96.326219 
1219.934068  	96.339949 
1221.370975  	96.342716 
1222.807882  	96.329198 
1224.244789  	96.327528 
1225.681696  	96.336288 
1227.118603  	96.331748 
1228.555510  	96.312985 
1229.992417  	96.317093 
1231.429324  	96.330862 
1232.866231  	96.321065 
1234.303138  	96.321038 
1235.740045  	96.323618 
1237.176952  	96.310977 
1238.613859  	96.316027 
1240.050766  	96.313649 
1241.487673  	96.295882 
1242.924580  	96.289959 
1244.361487  	96.273609 
1245.798394  	96.276212 
1247.235301  	96.310607 
1248.672208  	96.312579 
1250.109115  	96.289922 
1251.546022  	96.274680 
1252.982929  	96.274259 
1254.419836  	96.290178 
1255.856743  	96.276917 
1257.293650  	96.244804 
1258.730557  	96.241333 
1260.167464  	96.247488 
1261.604371  	96.253207 
1263.041278  	96.244491 
1264.478185  	96.218482 
1265.915092  	96.223836 
1267.351999  	96.240945 
1268.788907  	96.235493 
1270.225814  	96.232369 
1271.662721  	96.228633 
1273.099628  	96.224523 
1274.536535  	96.222841 
1275.973442  	96.207575 
1277.410349  	96.194027 
1278.847256  	96.190337 
1280.284163  	96.195718 
1281.721070  	96.200015 
1283.157977  	96.179115 
1284.594884  	96.172267 
1286.031791  	96.196651 
1287.468698  	96.203907 
1288.905605  	96.205317 
1290.342512  	96.218156 
1291.779419  	96.221064 
1293.216326  	96.216708 
1294.653233  	96.214834 
1296.090140  	96.226297 
1297.527047  	96.231939 
1298.963954  	96.216108 
1300.400861  	96.223297 
1301.837768  	96.222896 
1303.274675  	96.225175 
1304.711582  	96.230079 
1306.148489  	96.237336 
1307.585396  	96.232807 
1309.022303  	96.239465 
1310.459210  	96.251408 
1311.896117  	96.255488 
1313.333024  	96.252038 
1314.769931  	96.251650 
1316.206838  	96.262798 
1317.643745  	96.268664 
1319.080653  	96.265496 
1320.517560  	96.266333 
1321.954467  	96.272024 
1323.391374  	96.267420 
1324.828281  	96.265605 
1326.265188  	96.264437 
1327.702095  	96.276515 
1329.139002  	96.270326 
1330.575909  	96.261117 
1332.012816  	96.248473 
1333.449723  	96.250169 
1334.886630  	96.241976 
1336.323537  	96.240384 
1337.760444  	96.249125 
1339.197351  	96.255442 
1340.634258  	96.240370 
1342.071165  	96.230267 
1343.508072  	96.221578 
1344.944979  	96.221865 
1346.381886  	96.225579 
1347.818793  	96.212685 
1349.255700  	96.199854 
1350.692607  	96.201439 
1352.129514  	96.204613 
1353.566421  	96.204770 
1355.003328  	96.183316 
1356.440235  	96.159951 
1357.877142  	96.143602 
1359.314049  	96.140946 
1360.750956  	96.133313 
1362.187863  	96.112484 
1363.624770  	96.090027 
1365.061677  	96.087494 
1366.498584  	96.083037 
1367.935491  	96.047740 
1369.372399  	96.022061 
1370.809306  	95.994799 
1372.246213  	95.975048 
1373.683120  	95.958970 
1375.120027  	95.930089 
1376.556934  	95.907736 
1377.993841  	95.891918 
1379.430748  	95.839098 
1380.867655  	95.803368 
1382.304562  	95.810666 
1383.741469  	95.792859 
1385.178376  	95.785666 
1386.615283  	95.776896 
1388.052190  	95.766761 
1389.489097  	95.763662 
1390.926004  	95.756223 
1392.362911  	95.768551 
1393.799818  	95.801938 
1395.236725  	95.804936 
1396.673632  	95.810293 
1398.110539  	95.835368 
1399.547446  	95.820750 
1400.984353  	95.832634 
1402.421260  	95.879911 
1403.858167  	95.878420 
1405.295074  	95.877178 
1406.731981  	95.925694 
1408.168888  	95.929877 
1409.605795  	95.913268 
1411.042702  	95.925244 
1412.479609  	95.948747 
1413.916516  	95.975920 
1415.353423  	95.966933 
1416.790330  	95.949586 
1418.227238  	95.978744 
1419.664145  	95.973276 
1421.101052  	95.963674 
1422.537959  	96.008474 
1423.974866  	96.043341 
1425.411773  	96.020857 
1426.848680  	96.033493 
1428.285587  	96.027227 
1429.722494  	95.987320 
1431.159401  	95.977323 
1432.596308  	95.982619 
1434.033215  	96.044382 
1435.470122  	96.094779 
1436.907029  	95.997392 
1438.343936  	95.943701 
1439.780843  	95.969508 
1441.217750  	95.928598 
1442.654657  	95.922283 
1444.091564  	95.958485 
1445.528471  	95.983426 
1446.965378  	95.999079 
1448.402285  	95.963404 
1449.839192  	95.945270 
1451.276099  	95.971698 
1452.713006  	95.949059 
1454.149913  	95.952287 
1455.586820  	96.010700 
1457.023727  	95.947029 
1458.460634  	95.846940 
1459.897541  	95.925092 
1461.334448  	95.984972 
1462.771355  	96.044014 
1464.208262  	96.073060 
1465.645169  	96.014890 
1467.082076  	95.973656 
1468.518984  	95.954673 
1469.955891  	95.947872 
1471.392798  	95.990629 
1472.829705  	96.019404 
1474.266612  	96.002733 
1475.703519  	96.037193 
1477.140426  	96.023166 
1478.577333  	96.003075 
1480.014240  	96.004083 
1481.451147  	95.971394 
1482.888054  	95.954752 
1484.324961  	95.959223 
1485.761868  	95.969980 
1487.198775  	95.961660 
1488.635682  	95.935081 
1490.072589  	95.910460 
1491.509496  	95.877065 
1492.946403  	95.898464 
1494.383310  	95.981622 
1495.820217  	96.020908 
1497.257124  	95.944625 
1498.694031  	95.897672 
1500.130938  	95.837540 
1501.567845  	95.748267 
1503.004752  	95.773941 
1504.441659  	95.883476 
1505.878566  	95.930859 
1507.315473  	95.767397 
1508.752380  	95.773940 
1510.189287  	95.867692 
1511.626194  	95.853788 
1513.063101  	95.813828 
1514.500008  	95.827605 
1515.936915  	95.816651 
1517.373822  	95.682002 
1518.810730  	95.627146 
1520.247637  	95.713170 
1521.684544  	95.761308 
1523.121451  	95.691606 
1524.558358  	95.725357 
1525.995265  	95.683462 
1527.432172  	95.608313 
1528.869079  	95.596761 
1530.305986  	95.554737 
1531.742893  	95.558320 
1533.179800  	95.535452 
1534.616707  	95.373301 
1536.053614  	95.373223 
1537.490521  	95.410197 
1538.927428  	95.291077 
1540.364335  	95.175565 
1541.801242  	95.185807 
1543.238149  	95.158209 
1544.675056  	95.150079 
1546.111963  	95.105747 
1547.548870  	95.101326 
1548.985777  	95.063434 
1550.422684  	94.866723 
1551.859591  	94.808215 
1553.296498  	94.837161 
1554.733405  	94.752106 
1556.170312  	94.710074 
1557.607219  	94.785922 
1559.044126  	94.909124 
1560.481033  	94.556928 
1561.917940  	94.480344 
1563.354847  	94.509161 
1564.791754  	94.518993 
1566.228661  	94.406625 
1567.665569  	94.394729 
1569.102476  	94.386389 
1570.539383  	94.227804 
1571.976290  	94.257990 
1573.413197  	94.229849 
1574.850104  	94.213934 
1576.287011  	94.157714 
1577.723918  	94.041172 
1579.160825  	93.982387 
1580.597732  	93.919301 
1582.034639  	93.815740 
1583.471546  	93.760198 
1584.908453  	93.729427 
1586.345360  	93.684776 
1587.782267  	93.638234 
1589.219174  	93.552082 
1590.656081  	93.507754 
1592.092988  	93.467801 
1593.529895  	93.371213 
1594.966802  	93.286274 
1596.403709  	93.210734 
1597.840616  	93.092015 
1599.277523  	92.988316 
1600.714430  	92.894237 
1602.151337  	92.797517 
1603.588244  	92.696492 
1605.025151  	92.599683 
1606.462058  	92.521015 
1607.898965  	92.419520 
1609.335872  	92.293203 
1610.772779  	92.185056 
1612.209686  	92.055016 
1613.646593  	91.929450 
1615.083500  	91.856875 
1616.520407  	91.649586 
1617.957315  	91.452874 
1619.394222  	91.374979 
1620.831129  	91.259061 
1622.268036  	91.209061 
1623.704943  	91.167234 
1625.141850  	91.047659 
1626.578757  	90.976213 
1628.015664  	90.811101 
1629.452571  	90.651645 
1630.889478  	90.624953 
1632.326385  	90.568160 
1633.763292  	90.523197 
1635.200199  	90.584745 
1636.637106  	90.501990 
1638.074013  	90.494111 
1639.510920  	90.570414 
1640.947827  	90.612338 
1642.384734  	90.668273 
1643.821641  	90.710232 
1645.258548  	90.751256 
1646.695455  	90.690329 
1648.132362  	90.571515 
1649.569269  	90.868824 
1651.006176  	91.161556 
1652.443083  	91.315160 
1653.879990  	91.389563 
1655.316897  	91.388468 
1656.753804  	91.492385 
1658.190711  	91.613293 
1659.627618  	91.721846 
1661.064525  	91.855392 
1662.501432  	91.975209 
1663.938339  	92.001847 
1665.375246  	92.086834 
1666.812154  	92.250047 
1668.249061  	92.375477 
1669.685968  	92.529843 
1671.122875  	92.682371 
1672.559782  	92.850086 
1673.996689  	93.011212 
1675.433596  	93.062753 
1676.870503  	93.108010 
1678.307410  	93.278302 
1679.744317  	93.370226 
1681.181224  	93.441708 
1682.618131  	93.604679 
1684.055038  	93.798978 
1685.491945  	93.891276 
1686.928852  	94.061766 
1688.365759  	94.254923 
1689.802666  	94.382553 
1691.239573  	94.435263 
1692.676480  	94.526378 
1694.113387  	94.628197 
1695.550294  	94.682065 
1696.987201  	94.756882 
1698.424108  	94.928415 
1699.861015  	95.043108 
1701.297922  	95.048155 
1702.734829  	95.232873 
1704.171736  	95.440978 
1705.608643  	95.497044 
1707.045550  	95.506091 
1708.482457  	95.621364 
1709.919364  	95.689630 
1711.356271  	95.723458 
1712.793178  	95.786338 
1714.230085  	95.870887 
1715.666992  	95.994244 
1717.103900  	96.117685 
1718.540807  	96.134153 
1719.977714  	96.209472 
1721.414621  	96.336233 
1722.851528  	96.405159 
1724.288435  	96.419739 
1725.725342  	96.458075 
1727.162249  	96.533126 
1728.599156  	96.558946 
1730.036063  	96.580055 
1731.472970  	96.697509 
1732.909877  	96.836937 
1734.346784  	96.844272 
1735.783691  	96.794496 
1737.220598  	96.888477 
1738.657505  	96.957600 
1740.094412  	96.936910 
1741.531319  	96.951955 
1742.968226  	96.993161 
1744.405133  	97.006181 
1745.842040  	97.062780 
1747.278947  	97.162718 
1748.715854  	97.229024 
1750.152761  	97.280387 
1751.589668  	97.277541 
1753.026575  	97.250492 
1754.463482  	97.313095 
1755.900389  	97.321972 
1757.337296  	97.283282 
1758.774203  	97.337513 
1760.211110  	97.390337 
1761.648017  	97.396534 
1763.084924  	97.405170 
1764.521831  	97.415235 
1765.958738  	97.464346 
1767.395646  	97.489923 
1768.832553  	97.482954 
1770.269460  	97.552485 
1771.706367  	97.591376 
1773.143274  	97.485989 
1774.580181  	97.503075 
1776.017088  	97.562672 
1777.453995  	97.558825 
1778.890902  	97.562007 
1780.327809  	97.596021 
1781.764716  	97.607865 
1783.201623  	97.608889 
1784.638530  	97.607182 
1786.075437  	97.616007 
1787.512344  	97.639324 
1788.949251  	97.703641 
1790.386158  	97.778416 
1791.823065  	97.754001 
1793.259972  	97.679750 
1794.696879  	97.719203 
1796.133786  	97.715552 
1797.570693  	97.687060 
1799.007600  	97.790349 
1800.444507  	97.836904 
1801.881414  	97.699198 
1803.318321  	97.688369 
1804.755228  	97.773894 
1806.192135  	97.774152 
1807.629042  	97.779499 
1809.065949  	97.774196 
1810.502856  	97.745478 
1811.939763  	97.752498 
1813.376670  	97.773726 
1814.813577  	97.773369 
1816.250485  	97.790016 
1817.687392  	97.808152 
1819.124299  	97.802556 
1820.561206  	97.800994 
1821.998113  	97.787471 
1823.435020  	97.783337 
1824.871927  	97.756687 
1826.308834  	97.753855 
1827.745741  	97.816910 
1829.182648  	97.852634 
1830.619555  	97.847207 
1832.056462  	97.874921 
1833.493369  	97.893821 
1834.930276  	97.879895 
1836.367183  	97.877356 
1837.804090  	97.858900 
1839.240997  	97.833513 
1840.677904  	97.834387 
1842.114811  	97.861574 
1843.551718  	97.902801 
1844.988625  	97.898948 
1846.425532  	97.889785 
1847.862439  	97.909098 
1849.299346  	97.909802 
1850.736253  	97.885897 
1852.173160  	97.879044 
1853.610067  	97.854807 
1855.046974  	97.865865 
1856.483881  	97.910351 
1857.920788  	97.956048 
1859.357695  	97.966244 
1860.794602  	97.906235 
1862.231509  	97.887734 
1863.668416  	97.909368 
1865.105323  	97.898153 
1866.542231  	97.927419 
1867.979138  	97.965578 
1869.416045  	97.922527 
1870.852952  	97.899440 
1872.289859  	97.936326 
1873.726766  	97.937738 
1875.163673  	97.895438 
1876.600580  	97.888885 
1878.037487  	97.929288 
1879.474394  	97.930232 
1880.911301  	97.900836 
1882.348208  	97.910256 
1883.785115  	97.897761 
1885.222022  	97.871200 
1886.658929  	97.935195 
1888.095836  	97.980843 
1889.532743  	97.927589 
1890.969650  	97.889518 
1892.406557  	97.906861 
1893.843464  	97.918508 
1895.280371  	97.903711 
1896.717278  	97.912338 
1898.154185  	97.949191 
1899.591092  	97.964465 
1901.027999  	97.966298 
1902.464906  	97.957207 
1903.901813  	97.915011 
1905.338720  	97.892058 
1906.775627  	97.896176 
1908.212534  	97.930841 
1909.649441  	97.971285 
1911.086348  	97.912726 
1912.523255  	97.840888 
1913.960162  	97.877374 
1915.397069  	97.987131 
1916.833977  	98.025539 
1918.270884  	97.998980 
1919.707791  	97.945940 
1921.144698  	97.948804 
1922.581605  	97.922108 
1924.018512  	97.868524 
1925.455419  	97.861261 
1926.892326  	97.915918 
1928.329233  	97.977425 
1929.766140  	97.945358 
1931.203047  	97.853236 
1932.639954  	97.824967 
1934.076861  	97.762714 
1935.513768  	97.706175 
1936.950675  	97.810648 
1938.387582  	97.910942 
1939.824489  	97.881002 
1941.261396  	97.817141 
1942.698303  	97.861334 
1944.135210  	97.981795 
1945.572117  	97.958258 
1947.009024  	97.882667 
1948.445931  	97.843591 
1949.882838  	97.886366 
1951.319745  	97.954305 
1952.756652  	97.925084 
1954.193559  	97.855125 
1955.630466  	97.938385 
1957.067373  	97.981359 
1958.504280  	97.929233 
1959.941187  	97.974057 
1961.378094  	97.978056 
1962.815001  	97.940249 
1964.251908  	98.025644 
1965.688816  	98.128390 
1967.125723  	98.134298 
1968.562630  	98.032714 
1969.999537  	97.963636 
1971.436444  	97.954340 
1972.873351  	97.911021 
1974.310258  	97.917386 
1975.747165  	97.946053 
1977.184072  	97.920084 
1978.620979  	97.979750 
1980.057886  	98.014931 
1981.494793  	97.942872 
1982.931700  	97.907429 
1984.368607  	97.870739 
1985.805514  	97.828685 
1987.242421  	97.790368 
1988.679328  	97.698275 
1990.116235  	97.765508 
1991.553142  	97.850402 
1992.990049  	97.801497 
1994.426956  	97.908465 
1995.863863  	98.000572 
1997.300770  	97.898780 
1998.737677  	97.736294 
2000.174584  	97.611371 
2001.611491  	97.718753 
2003.048398  	97.988347 
2004.485305  	98.018230 
2005.922212  	97.845774 
2007.359119  	97.625752 
2008.796026  	97.417258 
2010.232933  	97.452606 
2011.669840  	97.614451 
2013.106747  	97.511146 
2014.543654  	97.285808 
2015.980562  	97.396110 
2017.417469  	97.641394 
2018.854376  	97.529000 
2020.291283  	97.420689 
2021.728190  	97.544371 
2023.165097  	97.499288 
2024.602004  	97.401227 
2026.038911  	97.511450 
2027.475818  	97.607239 
2028.912725  	97.566454 
2030.349632  	97.435155 
2031.786539  	97.379059 
2033.223446  	97.457716 
2034.660353  	97.542599 
2036.097260  	97.637772 
2037.534167  	97.521777 
2038.971074  	97.224176 
2040.407981  	97.174352 
2041.844888  	97.302851 
2043.281795  	97.325126 
2044.718702  	97.321032 
2046.155609  	97.358288 
2047.592516  	97.485288 
2049.029423  	97.469654 
2050.466330  	97.251364 
2051.903237  	97.335804 
2053.340144  	97.610713 
2054.777051  	97.583099 
2056.213958  	97.412193 
2057.650865  	97.390416 
2059.087772  	97.439024 
2060.524679  	97.496707 
2061.961586  	97.541251 
2063.398493  	97.530339 
2064.835401  	97.469258 
2066.272308  	97.447079 
2067.709215  	97.445433 
2069.146122  	97.386373 
2070.583029  	97.397914 
2072.019936  	97.473976 
2073.456843  	97.392237 
2074.893750  	97.276776 
2076.330657  	97.345815 
2077.767564  	97.442271 
2079.204471  	97.440505 
2080.641378  	97.423074 
2082.078285  	97.388640 
2083.515192  	97.305863 
2084.952099  	97.300280 
2086.389006  	97.371840 
2087.825913  	97.363210 
2089.262820  	97.338553 
2090.699727  	97.391862 
2092.136634  	97.445603 
2093.573541  	97.496252 
2095.010448  	97.505115 
2096.447355  	97.460263 
2097.884262  	97.507285 
2099.321169  	97.589649 
2100.758076  	97.578980 
2102.194983  	97.470176 
2103.631890  	97.326680 
2105.068797  	97.321188 
2106.505704  	97.399448 
2107.942611  	97.389892 
2109.379518  	97.391565 
2110.816425  	97.414117 
2112.253332  	97.395051 
2113.690239  	97.394331 
2115.127147  	97.417868 
2116.564054  	97.525301 
2118.000961  	97.614302 
2119.437868  	97.516581 
2120.874775  	97.490576 
2122.311682  	97.623991 
2123.748589  	97.679668 
2125.185496  	97.647812 
2126.622403  	97.583898 
2128.059310  	97.599621 
2129.496217  	97.655843 
2130.933124  	97.544192 
2132.370031  	97.529135 
2133.806938  	97.645425 
2135.243845  	97.516996 
2136.680752  	97.397105 
2138.117659  	97.381213 
2139.554566  	97.315136 
2140.991473  	97.444352 
2142.428380  	97.497301 
2143.865287  	97.368483 
2145.302194  	97.496144 
2146.739101  	97.544387 
2148.176008  	97.377326 
2149.612915  	97.480757 
2151.049822  	97.611953 
2152.486729  	97.523632 
2153.923636  	97.578228 
2155.360543  	97.919756 
2156.797450  	98.147067 
2158.234357  	97.864575 
2159.671264  	97.304152 
2161.108171  	96.942195 
2162.545078  	97.010331 
2163.981985  	97.295904 
2165.418893  	97.305686 
2166.855800  	97.325338 
2168.292707  	97.587414 
2169.729614  	97.536174 
2171.166521  	97.408761 
2172.603428  	97.587585 
2174.040335  	97.618863 
2175.477242  	97.461807 
2176.914149  	97.427959 
2178.351056  	97.444710 
2179.787963  	97.401880 
2181.224870  	97.356647 
2182.661777  	97.441803 
2184.098684  	97.467037 
2185.535591  	97.271680 
2186.972498  	97.114000 
2188.409405  	97.020247 
2189.846312  	96.962072 
2191.283219  	97.069400 
2192.720126  	97.150238 
2194.157033  	97.234130 
2195.593940  	97.400120 
2197.030847  	97.440744 
2198.467754  	97.500387 
2199.904661  	97.502783 
2201.341568  	97.280857 
2202.778475  	97.253231 
2204.215382  	97.454283 
2205.652289  	97.550889 
2207.089196  	97.531689 
2208.526103  	97.377004 
2209.963010  	97.234678 
2211.399917  	97.256492 
2212.836824  	97.268861 
2214.273732  	97.348435 
2215.710639  	97.528522 
2217.147546  	97.522017 
2218.584453  	97.364943 
2220.021360  	97.304835 
2221.458267  	97.355832 
2222.895174  	97.394227 
2224.332081  	97.360456 
2225.768988  	97.314575 
2227.205895  	97.245517 
2228.642802  	97.147154 
2230.079709  	97.175794 
2231.516616  	97.320656 
2232.953523  	97.353392 
2234.390430  	97.228530 
2235.827337  	97.180560 
2237.264244  	97.293077 
2238.701151  	97.344897 
2240.138058  	97.309013 
2241.574965  	97.326164 
2243.011872  	97.354106 
2244.448779  	97.414304 
2245.885686  	97.510947 
2247.322593  	97.473815 
2248.759500  	97.340527 
2250.196407  	97.292322 
2251.633314  	97.363877 
2253.070221  	97.443780 
2254.507128  	97.431700 
2255.944035  	97.401745 
2257.380942  	97.439787 
2258.817849  	97.479109 
2260.254756  	97.495034 
2261.691663  	97.526559 
2263.128570  	97.549725 
2264.565478  	97.521230 
2266.002385  	97.475820 
2267.439292  	97.485508 
2268.876199  	97.558668 
2270.313106  	97.637340 
2271.750013  	97.638639 
2273.186920  	97.554933 
2274.623827  	97.497082 
2276.060734  	97.503834 
2277.497641  	97.548207 
2278.934548  	97.620836 
2280.371455  	97.640576 
2281.808362  	97.578538 
2283.245269  	97.517598 
2284.682176  	97.495983 
2286.119083  	97.509490 
2287.555990  	97.520828 
2288.992897  	97.522985 
2290.429804  	97.560257 
2291.866711  	97.575454 
2293.303618  	97.547039 
2294.740525  	97.562542 
2296.177432  	97.594055 
2297.614339  	97.582788 
2299.051246  	97.547144 
2300.488153  	97.518390 
2301.925060  	97.526695 
2303.361967  	97.536285 
2304.798874  	97.522340 
2306.235781  	97.524605 
2307.672688  	97.493877 
2309.109595  	97.434340 
2310.546502  	97.419085 
2311.983409  	97.384018 
2313.420317  	97.331363 
2314.857224  	97.370695 
2316.294131  	97.445246 
2317.731038  	97.441399 
2319.167945  	97.393241 
2320.604852  	97.379626 
2322.041759  	97.331058 
2323.478666  	97.207900 
2324.915573  	97.199760 
2326.352480  	97.336283 
2327.789387  	97.441145 
2329.226294  	97.499478 
2330.663201  	97.558423 
2332.100108  	97.596463 
2333.537015  	97.620564 
2334.973922  	97.590360 
2336.410829  	97.497900 
2337.847736  	97.415352 
2339.284643  	97.378475 
2340.721550  	97.406831 
2342.158457  	97.460521 
2343.595364  	97.491264 
2345.032271  	97.523220 
2346.469178  	97.532839 
2347.906085  	97.529460 
2349.342992  	97.534464 
2350.779899  	97.512985 
2352.216806  	97.476752 
2353.653713  	97.487972 
2355.090620  	97.500964 
2356.527527  	97.483388 
2357.964434  	97.518304 
2359.401341  	97.627037 
2360.838248  	97.698294 
2362.275155  	97.702515 
2363.712063  	97.714917 
2365.148970  	97.761926 
2366.585877  	97.794189 
2368.022784  	97.851606 
2369.459691  	97.921662 
2370.896598  	97.955971 
2372.333505  	97.983733 
2373.770412  	97.984971 
2375.207319  	97.971124 
2376.644226  	97.994419 
2378.081133  	98.048826 
2379.518040  	98.065926 
2380.954947  	98.030004 
2382.391854  	97.996699 
2383.828761  	98.016091 
2385.265668  	98.031196 
2386.702575  	98.036334 
2388.139482  	98.045518 
2389.576389  	98.028203 
2391.013296  	97.996036 
2392.450203  	97.958444 
2393.887110  	97.915374 
2395.324017  	97.891241 
2396.760924  	97.863763 
2398.197831  	97.849051 
2399.634738  	97.868890 
2401.071645  	97.868344 
2402.508552  	97.871047 
2403.945459  	97.892897 
2405.382366  	97.879606 
2406.819273  	97.857182 
2408.256180  	97.834111 
2409.693087  	97.817241 
2411.129994  	97.845391 
2412.566901  	97.852964 
2414.003809  	97.837759 
2415.440716  	97.856785 
2416.877623  	97.867001 
2418.314530  	97.892483 
2419.751437  	97.941295 
2421.188344  	97.931767 
2422.625251  	97.915927 
2424.062158  	97.947734 
2425.499065  	97.970930 
2426.935972  	97.974710 
2428.372879  	97.961589 
2429.809786  	97.936427 
2431.246693  	97.939484 
2432.683600  	97.955651 
2434.120507  	97.955139 
2435.557414  	97.981543 
2436.994321  	98.043358 
2438.431228  	98.057075 
2439.868135  	98.025483 
2441.305042  	98.026799 
2442.741949  	98.032677 
2444.178856  	98.028515 
2445.615763  	98.043068 
2447.052670  	98.020406 
2448.489577  	97.978902 
2449.926484  	97.989470 
2451.363391  	98.006717 
2452.800298  	98.011766 
2454.237205  	98.028608 
2455.674112  	98.030457 
2457.111019  	98.014355 
2458.547926  	98.002624 
2459.984833  	98.007921 
2461.421740  	98.019245 
2462.858648  	98.015568 
2464.295555  	98.014002 
2465.732462  	98.010527 
2467.169369  	97.994049 
2468.606276  	98.002851 
2470.043183  	98.026797 
2471.480090  	98.010689 
2472.916997  	97.962115 
2474.353904  	97.960794 
2475.790811  	98.028970 
2477.227718  	98.057314 
2478.664625  	98.027575 
2480.101532  	98.032412 
2481.538439  	98.035176 
2482.975346  	98.001941 
2484.412253  	97.980270 
2485.849160  	97.971692 
2487.286067  	97.996118 
2488.722974  	98.026363 
2490.159881  	97.993027 
2491.596788  	97.958975 
2493.033695  	97.964571 
2494.470602  	97.965310 
2495.907509  	97.969297 
2497.344416  	97.977041 
2498.781323  	97.982611 
2500.218230  	97.992927 
2501.655137  	97.981857 
2503.092044  	97.958375 
2504.528951  	97.968346 
2505.965858  	98.014174 
2507.402765  	98.047500 
2508.839672  	98.045977 
2510.276579  	98.036635 
2511.713486  	98.011275 
2513.150394  	97.989627 
2514.587301  	98.008981 
2516.024208  	98.007201 
2517.461115  	97.980939 
2518.898022  	97.976388 
2520.334929  	97.963109 
2521.771836  	97.966033 
2523.208743  	97.979422 
2524.645650  	97.962311 
2526.082557  	97.984691 
2527.519464  	98.017827 
2528.956371  	98.001278 
2530.393278  	98.011516 
2531.830185  	98.035489 
2533.267092  	98.030444 
2534.703999  	98.028444 
2536.140906  	98.028710 
2537.577813  	98.031559 
2539.014720  	98.013939 
2540.451627  	97.986337 
2541.888534  	97.998887 
2543.325441  	97.994121 
2544.762348  	97.976262 
2546.199255  	97.996958 
2547.636162  	97.991058 
2549.073069  	97.966448 
2550.509976  	97.954425 
2551.946883  	97.947368 
2553.383790  	97.991396 
2554.820697  	98.028197 
2556.257604  	98.017962 
2557.694511  	98.022411 
2559.131418  	98.007352 
2560.568325  	98.004608 
2562.005232  	98.060184 
2563.442140  	98.064689 
2564.879047  	98.011743 
2566.315954  	97.980120 
2567.752861  	97.981804 
2569.189768  	98.000613 
2570.626675  	97.995199 
2572.063582  	97.995030 
2573.500489  	98.015402 
2574.937396  	97.997742 
2576.374303  	97.978713 
2577.811210  	97.962207 
2579.248117  	97.921103 
2580.685024  	97.924127 
2582.121931  	97.946566 
2583.558838  	97.945349 
2584.995745  	97.952960 
2586.432652  	97.958920 
2587.869559  	97.982915 
2589.306466  	97.991631 
2590.743373  	97.935071 
2592.180280  	97.913436 
2593.617187  	97.928037 
2595.054094  	97.912577 
2596.491001  	97.923074 
2597.927908  	97.941458 
2599.364815  	97.934706 
2600.801722  	97.935763 
2602.238629  	97.928465 
2603.675536  	97.930543 
2605.112443  	97.956899 
2606.549350  	97.974793 
2607.986257  	97.977602 
2609.423164  	97.939765 
2610.860071  	97.892851 
2612.296979  	97.906159 
2613.733886  	97.933136 
2615.170793  	97.924732 
2616.607700  	97.897984 
2618.044607  	97.886196 
2619.481514  	97.911705 
2620.918421  	97.933145 
2622.355328  	97.944277 
2623.792235  	97.966248 
2625.229142  	97.954332 
2626.666049  	97.939104 
2628.102956  	97.966898 
2629.539863  	97.974161 
2630.976770  	97.953925 
2632.413677  	97.955049 
2633.850584  	97.979621 
2635.287491  	98.012880 
2636.724398  	98.016394 
2638.161305  	97.984762 
2639.598212  	97.966258 
2641.035119  	97.968735 
2642.472026  	97.979212 
2643.908933  	97.997276 
2645.345840  	98.007070 
2646.782747  	97.998793 
2648.219654  	97.986198 
2649.656561  	97.982637 
2651.093468  	97.983665 
2652.530375  	97.986676 
2653.967282  	97.990184 
2655.404189  	97.982027 
2656.841096  	97.979258 
2658.278003  	97.991212 
2659.714910  	97.985466 
2661.151817  	97.980874 
2662.588725  	98.011157 
2664.025632  	98.036414 
2665.462539  	98.030489 
2666.899446  	98.017384 
2668.336353  	98.010793 
2669.773260  	98.007931 
2671.210167  	98.002757 
2672.647074  	97.994850 
2674.083981  	97.985005 
2675.520888  	97.973719 
2676.957795  	97.970761 
2678.394702  	97.975866 
2679.831609  	97.983353 
2681.268516  	97.993631 
2682.705423  	97.994248 
2684.142330  	97.980366 
2685.579237  	97.974780 
2687.016144  	97.993658 
2688.453051  	98.011806 
2689.889958  	98.006661 
2691.326865  	98.008474 
2692.763772  	98.018875 
2694.200679  	98.003781 
2695.637586  	97.990349 
2697.074493  	97.992133 
2698.511400  	97.981650 
2699.948307  	97.981544 
2701.385214  	98.003721 
2702.822121  	98.022016 
2704.259028  	98.023214 
2705.695935  	98.007999 
2707.132842  	98.005092 
2708.569749  	98.001182 
2710.006656  	97.960837 
2711.443564  	97.951028 
2712.880471  	97.993931 
2714.317378  	98.003589 
2715.754285  	97.984137 
2717.191192  	97.988470 
2718.628099  	97.999892 
2720.065006  	97.992003 
2721.501913  	97.972087 
2722.938820  	97.967354 
2724.375727  	97.978877 
2725.812634  	97.988970 
2727.249541  	97.995804 
2728.686448  	97.981901 
2730.123355  	97.956665 
2731.560262  	97.953492 
2732.997169  	97.950737 
2734.434076  	97.942766 
2735.870983  	97.947417 
2737.307890  	97.940159 
2738.744797  	97.921803 
2740.181704  	97.911736 
2741.618611  	97.908323 
2743.055518  	97.915545 
2744.492425  	97.915730 
2745.929332  	97.904646 
2747.366239  	97.909556 
2748.803146  	97.912655 
2750.240053  	97.894386 
2751.676960  	97.878621 
2753.113867  	97.871223 
2754.550774  	97.861200 
2755.987681  	97.856267 
2757.424588  	97.861870 
2758.861495  	97.856949 
2760.298402  	97.840865 
2761.735310  	97.844715 
2763.172217  	97.845279 
2764.609124  	97.813296 
2766.046031  	97.799931 
2767.482938  	97.823242 
2768.919845  	97.830861 
2770.356752  	97.812176 
2771.793659  	97.797731 
2773.230566  	97.797642 
2774.667473  	97.799285 
2776.104380  	97.793538 
2777.541287  	97.781219 
2778.978194  	97.767471 
2780.415101  	97.768791 
2781.852008  	97.778899 
2783.288915  	97.767303 
2784.725822  	97.748541 
2786.162729  	97.747120 
2787.599636  	97.742798 
2789.036543  	97.733787 
2790.473450  	97.745739 
2791.910357  	97.760618 
2793.347264  	97.740289 
2794.784171  	97.706718 
2796.221078  	97.697991 
2797.657985  	97.695977 
2799.094892  	97.682870 
2800.531799  	97.663824 
2801.968706  	97.644763 
2803.405613  	97.648681 
2804.842520  	97.659885 
2806.279427  	97.648897 
2807.716334  	97.648362 
2809.153241  	97.655251 
2810.590148  	97.641826 
2812.027056  	97.637709 
2813.463963  	97.639317 
2814.900870  	97.627358 
2816.337777  	97.622835 
2817.774684  	97.618874 
2819.211591  	97.601752 
2820.648498  	97.582120 
2822.085405  	97.570267 
2823.522312  	97.563662 
2824.959219  	97.544329 
2826.396126  	97.527505 
2827.833033  	97.526662 
2829.269940  	97.515922 
2830.706847  	97.508339 
2832.143754  	97.505208 
2833.580661  	97.479705 
2835.017568  	97.458993 
2836.454475  	97.448103 
2837.891382  	97.438603 
2839.328289  	97.444627 
2840.765196  	97.431427 
2842.202103  	97.410105 
2843.639010  	97.419080 
2845.075917  	97.407638 
2846.512824  	97.369154 
2847.949731  	97.342428 
2849.386638  	97.318730 
2850.823545  	97.312876 
2852.260452  	97.326160 
2853.697359  	97.330699 
2855.134266  	97.331277 
2856.571173  	97.320895 
2858.008080  	97.299798 
2859.444987  	97.291738 
2860.881895  	97.291965 
2862.318802  	97.286457 
2863.755709  	97.271148 
2865.192616  	97.251405 
2866.629523  	97.226130 
2868.066430  	97.196916 
2869.503337  	97.195541 
2870.940244  	97.204472 
2872.377151  	97.183303 
2873.814058  	97.166772 
2875.250965  	97.162337 
2876.687872  	97.144569 
2878.124779  	97.129664 
2879.561686  	97.101588 
2880.998593  	97.056698 
2882.435500  	97.046537 
2883.872407  	97.062314 
2885.309314  	97.052890 
2886.746221  	97.023254 
2888.183128  	97.007777 
2889.620035  	96.997893 
2891.056942  	96.977332 
2892.493849  	96.962229 
2893.930756  	96.931408 
2895.367663  	96.884292 
2896.804570  	96.880843 
2898.241477  	96.889469 
2899.678384  	96.862533 
2901.115291  	96.837238 
2902.552198  	96.809853 
2903.989105  	96.777280 
2905.426012  	96.764173 
2906.862919  	96.750501 
2908.299826  	96.735172 
2909.736733  	96.711859 
2911.173641  	96.675435 
2912.610548  	96.669482 
2914.047455  	96.663408 
2915.484362  	96.621605 
2916.921269  	96.599990 
2918.358176  	96.593981 
2919.795083  	96.563939 
2921.231990  	96.536606 
2922.668897  	96.532948 
2924.105804  	96.529934 
2925.542711  	96.510991 
2926.979618  	96.508492 
2928.416525  	96.516974 
2929.853432  	96.472671 
2931.290339  	96.399432 
2932.727246  	96.364233 
2934.164153  	96.371757 
2935.601060  	96.386035 
2937.037967  	96.357090 
2938.474874  	96.312385 
2939.911781  	96.298585 
2941.348688  	96.271382 
2942.785595  	96.225745 
2944.222502  	96.193138 
2945.659409  	96.166872 
2947.096316  	96.152183 
2948.533223  	96.126709 
2949.970130  	96.089000 
2951.407037  	96.073443 
2952.843944  	96.045779 
2954.280851  	95.998407 
2955.717758  	95.962723 
2957.154665  	95.930974 
2958.591572  	95.898191 
2960.028479  	95.847937 
2961.465387  	95.813580 
2962.902294  	95.817286 
2964.339201  	95.772946 
2965.776108  	95.724113 
2967.213015  	95.732913 
2968.649922  	95.702696 
2970.086829  	95.671067 
2971.523736  	95.677469 
2972.960643  	95.621988 
2974.397550  	95.555204 
2975.834457  	95.533795 
2977.271364  	95.508338 
2978.708271  	95.490399 
2980.145178  	95.459463 
2981.582085  	95.402069 
2983.018992  	95.359650 
2984.455899  	95.315521 
2985.892806  	95.277353 
2987.329713  	95.266748 
2988.766620  	95.252694 
2990.203527  	95.217136 
2991.640434  	95.154427 
2993.077341  	95.086069 
2994.514248  	95.029917 
2995.951155  	94.973779 
2997.388062  	94.932298 
2998.824969  	94.890938 
3000.261876  	94.845969 
3001.698783  	94.823880 
3003.135690  	94.781272 
3004.572597  	94.730162 
3006.009504  	94.708989 
3007.446411  	94.659662 
3008.883318  	94.593183 
3010.320226  	94.552156 
3011.757133  	94.518071 
3013.194040  	94.481721 
3014.630947  	94.413805 
3016.067854  	94.338867 
3017.504761  	94.297093 
3018.941668  	94.239830 
3020.378575  	94.181573 
3021.815482  	94.136264 
3023.252389  	94.071375 
3024.689296  	94.033445 
3026.126203  	93.999150 
3027.563110  	93.933788 
3029.000017  	93.896606 
3030.436924  	93.850060 
3031.873831  	93.775019 
3033.310738  	93.729371 
3034.747645  	93.676827 
3036.184552  	93.598961 
3037.621459  	93.529042 
3039.058366  	93.477365 
3040.495273  	93.438036 
3041.932180  	93.373072 
3043.369087  	93.298238 
3044.805994  	93.247197 
3046.242901  	93.195469 
3047.679808  	93.146214 
3049.116715  	93.087138 
3050.553622  	93.008444 
3051.990529  	92.941466 
3053.427436  	92.865772 
3054.864343  	92.791913 
3056.301250  	92.735446 
3057.738157  	92.652452 
3059.175064  	92.571345 
3060.611972  	92.507913 
3062.048879  	92.441714 
3063.485786  	92.395541 
3064.922693  	92.337000 
3066.359600  	92.251419 
3067.796507  	92.170740 
3069.233414  	92.092767 
3070.670321  	92.021759 
3072.107228  	91.926392 
3073.544135  	91.846823 
3074.981042  	91.851559 
3076.417949  	91.806311 
3077.854856  	91.675285 
3079.291763  	91.578782 
3080.728670  	91.497924 
3082.165577  	91.432168 
3083.602484  	91.377823 
3085.039391  	91.290636 
3086.476298  	91.238399 
3087.913205  	91.184229 
3089.350112  	91.059812 
3090.787019  	90.943830 
3092.223926  	90.862536 
3093.660833  	90.812210 
3095.097740  	90.745225 
3096.534647  	90.612480 
3097.971554  	90.522553 
3099.408461  	90.471387 
3100.845368  	90.381183 
3102.282275  	90.291125 
3103.719182  	90.185569 
3105.156089  	90.093231 
3106.592996  	90.035649 
3108.029903  	89.935414 
3109.466811  	89.852571 
3110.903718  	89.794889 
3112.340625  	89.692083 
3113.777532  	89.605237 
3115.214439  	89.513636 
3116.651346  	89.406044 
3118.088253  	89.347112 
3119.525160  	89.286804 
3120.962067  	89.211200 
3122.398974  	89.109638 
3123.835881  	88.979196 
3125.272788  	88.908399 
3126.709695  	88.839701 
3128.146602  	88.741648 
3129.583509  	88.678398 
3131.020416  	88.578918 
3132.457323  	88.461889 
3133.894230  	88.385786 
3135.331137  	88.303820 
3136.768044  	88.228935 
3138.204951  	88.130544 
3139.641858  	88.022527 
3141.078765  	87.969571 
3142.515672  	87.889078 
3143.952579  	87.795697 
3145.389486  	87.722890 
3146.826393  	87.607753 
3148.263300  	87.517847 
3149.700207  	87.436518 
3151.137114  	87.316911 
3152.574021  	87.240238 
3154.010928  	87.163804 
3155.447835  	87.084802 
3156.884742  	87.023591 
3158.321649  	86.898410 
3159.758557  	86.802314 
3161.195464  	86.768214 
3162.632371  	86.685515 
3164.069278  	86.583358 
3165.506185  	86.470661 
3166.943092  	86.378724 
3168.379999  	86.356504 
3169.816906  	86.300422 
3171.253813  	86.190524 
3172.690720  	86.076587 
3174.127627  	85.986589 
3175.564534  	85.956183 
3177.001441  	85.910841 
3178.438348  	85.842482 
3179.875255  	85.784276 
3181.312162  	85.689647 
3182.749069  	85.618538 
3184.185976  	85.558426 
3185.622883  	85.470311 
3187.059790  	85.439028 
3188.496697  	85.386434 
3189.933604  	85.294109 
3191.370511  	85.251442 
3192.807418  	85.169964 
3194.244325  	85.066977 
3195.681232  	84.998599 
3197.118139  	84.926820 
3198.555046  	84.907648 
3199.991953  	84.873935 
3201.428860  	84.777671 
3202.865767  	84.738418 
3204.302674  	84.714236 
3205.739581  	84.631941 
3207.176488  	84.523914 
3208.613395  	84.454116 
3210.050303  	84.452934 
3211.487210  	84.405459 
3212.924117  	84.339940 
3214.361024  	84.346987 
3215.797931  	84.307789 
3217.234838  	84.257361 
3218.671745  	84.253683 
3220.108652  	84.206341 
3221.545559  	84.159922 
3222.982466  	84.112247 
3224.419373  	84.069328 
3225.856280  	84.098557 
3227.293187  	84.079655 
3228.730094  	84.004809 
3230.167001  	83.963678 
3231.603908  	83.934011 
3233.040815  	83.935634 
3234.477722  	83.912226 
3235.914629  	83.869804 
3237.351536  	83.877755 
3238.788443  	83.834708 
3240.225350  	83.798127 
3241.662257  	83.818081 
3243.099164  	83.792705 
3244.536071  	83.806578 
3245.972978  	83.801079 
3247.409885  	83.710730 
3248.846792  	83.713475 
3250.283699  	83.733774 
3251.720606  	83.707292 
3253.157513  	83.707289 
3254.594420  	83.657274 
3256.031327  	83.604955 
3257.468234  	83.559361 
3258.905142  	83.504951 
3260.342049  	83.585923 
3261.778956  	83.656761 
3263.215863  	83.614834 
3264.652770  	83.632930 
3266.089677  	83.665543 
3267.526584  	83.666071 
3268.963491  	83.654966 
3270.400398  	83.592597 
3271.837305  	83.560615 
3273.274212  	83.569299 
3274.711119  	83.596201 
3276.148026  	83.638462 
3277.584933  	83.616138 
3279.021840  	83.597154 
3280.458747  	83.582254 
3281.895654  	83.526467 
3283.332561  	83.571296 
3284.769468  	83.628816 
3286.206375  	83.592632 
3287.643282  	83.569466 
3289.080189  	83.530680 
3290.517096  	83.512151 
3291.954003  	83.532984 
3293.390910  	83.509637 
3294.827817  	83.529514 
3296.264724  	83.529405 
3297.701631  	83.453729 
3299.138538  	83.447136 
3300.575445  	83.443442 
3302.012352  	83.442471 
3303.449259  	83.502321 
3304.886166  	83.511306 
3306.323073  	83.536439 
3307.759980  	83.574279 
3309.196888  	83.527051 
3310.633795  	83.494653 
3312.070702  	83.463236 
3313.507609  	83.453073 
3314.944516  	83.532891 
3316.381423  	83.553996 
3317.818330  	83.527679 
3319.255237  	83.531012 
3320.692144  	83.522274 
3322.129051  	83.531956 
3323.565958  	83.512296 
3325.002865  	83.470667 
3326.439772  	83.482428 
3327.876679  	83.475814 
3329.313586  	83.482304 
3330.750493  	83.517577 
3332.187400  	83.498276 
3333.624307  	83.486082 
3335.061214  	83.488847 
3336.498121  	83.487404 
3337.935028  	83.532725 
3339.371935  	83.577264 
3340.808842  	83.564786 
3342.245749  	83.488581 
3343.682656  	83.469106 
3345.119563  	83.571268 
3346.556470  	83.591933 
3347.993377  	83.537718 
3349.430284  	83.528668 
3350.867191  	83.494301 
3352.304098  	83.517206 
3353.741005  	83.578140 
3355.177912  	83.565607 
3356.614819  	83.622593 
3358.051726  	83.694170 
3359.488634  	83.663983 
3360.925541  	83.639545 
3362.362448  	83.634158 
3363.799355  	83.674073 
3365.236262  	83.749675 
3366.673169  	83.786711 
3368.110076  	83.819130 
3369.546983  	83.794389 
3370.983890  	83.774524 
3372.420797  	83.848760 
3373.857704  	83.854740 
3375.294611  	83.861274 
3376.731518  	83.940610 
3378.168425  	83.920187 
3379.605332  	83.897020 
3381.042239  	83.945970 
3382.479146  	83.962575 
3383.916053  	83.972967 
3385.352960  	83.996413 
3386.789867  	84.058766 
3388.226774  	84.133940 
3389.663681  	84.181062 
3391.100588  	84.249082 
3392.537495  	84.251504 
3393.974402  	84.247921 
3395.411309  	84.333845 
3396.848216  	84.330860 
3398.285123  	84.364329 
3399.722030  	84.496497 
3401.158937  	84.488366 
3402.595844  	84.519159 
3404.032751  	84.631817 
3405.469658  	84.628168 
3406.906565  	84.669959 
3408.343473  	84.745691 
3409.780380  	84.768888 
3411.217287  	84.850291 
3412.654194  	84.918471 
3414.091101  	84.972543 
3415.528008  	85.044239 
3416.964915  	85.064090 
3418.401822  	85.112331 
3419.838729  	85.176050 
3421.275636  	85.214209 
3422.712543  	85.284379 
3424.149450  	85.346503 
3425.586357  	85.414332 
3427.023264  	85.464005 
3428.460171  	85.489700 
3429.897078  	85.593958 
3431.333985  	85.665839 
3432.770892  	85.687723 
3434.207799  	85.775523 
3435.644706  	85.854029 
3437.081613  	85.944330 
3438.518520  	86.004363 
3439.955427  	85.972128 
3441.392334  	86.030359 
3442.829241  	86.117651 
3444.266148  	86.168369 
3445.703055  	86.302404 
3447.139962  	86.366541 
3448.576869  	86.361933 
3450.013776  	86.446967 
3451.450683  	86.525226 
3452.887590  	86.589096 
3454.324497  	86.610141 
3455.761404  	86.589816 
3457.198311  	86.683870 
3458.635219  	86.823414 
3460.072126  	86.924202 
3461.509033  	86.984502 
3462.945940  	86.975592 
3464.382847  	87.024157 
3465.819754  	87.118380 
3467.256661  	87.180728 
3468.693568  	87.279961 
3470.130475  	87.346678 
3471.567382  	87.396530 
3473.004289  	87.504119 
3474.441196  	87.575664 
3475.878103  	87.627524 
3477.315010  	87.669365 
3478.751917  	87.701714 
3480.188824  	87.792810 
3481.625731  	87.846899 
3483.062638  	87.888046 
3484.499545  	87.987382 
3485.936452  	88.051927 
3487.373359  	88.152805 
3488.810266  	88.241586 
3490.247173  	88.233830 
3491.684080  	88.329585 
3493.120987  	88.473100 
3494.557894  	88.506163 
3495.994801  	88.501102 
3497.431708  	88.511975 
3498.868615  	88.618407 
3500.305522  	88.762841 
3501.742429  	88.813325 
3503.179336  	88.851031 
3504.616243  	88.895873 
3506.053150  	88.961270 
3507.490058  	89.079500 
3508.926965  	89.136720 
3510.363872  	89.195006 
3511.800779  	89.309634 
3513.237686  	89.373242 
3514.674593  	89.447578 
3516.111500  	89.521933 
3517.548407  	89.571301 
3518.985314  	89.672768 
3520.422221  	89.734466 
3521.859128  	89.757601 
3523.296035  	89.835107 
3524.732942  	89.920067 
3526.169849  	90.001276 
3527.606756  	90.055636 
3529.043663  	90.105680 
3530.480570  	90.200103 
3531.917477  	90.239703 
3533.354384  	90.265492 
3534.791291  	90.328836 
3536.228198  	90.382737 
3537.665105  	90.487734 
3539.102012  	90.566031 
3540.538919  	90.619896 
3541.975826  	90.746844 
3543.412733  	90.851812 
3544.849640  	90.903226 
3546.286547  	90.957581 
3547.723454  	90.987597 
3549.160361  	91.020871 
3550.597268  	91.111894 
3552.034175  	91.187099 
3553.471082  	91.234564 
3554.907989  	91.321570 
3556.344896  	91.429993 
3557.781804  	91.529330 
3559.218711  	91.558596 
3560.655618  	91.600541 
3562.092525  	91.650110 
3563.529432  	91.718835 
3564.966339  	91.835074 
3566.403246  	91.935852 
3567.840153  	91.925227 
3569.277060  	91.967067 
3570.713967  	92.076064 
3572.150874  	92.165867 
3573.587781  	92.222166 
3575.024688  	92.285752 
3576.461595  	92.419536 
3577.898502  	92.497176 
3579.335409  	92.516121 
3580.772316  	92.511171 
3582.209223  	92.467117 
3583.646130  	92.577359 
3585.083037  	92.831201 
3586.519944  	92.929272 
3587.956851  	92.806549 
3589.393758  	92.736220 
3590.830665  	92.869007 
3592.267572  	93.027977 
3593.704479  	93.044599 
3595.141386  	93.009922 
3596.578293  	93.076423 
3598.015200  	93.186988 
3599.452107  	93.276977 
3600.889014  	93.281540 
3602.325921  	93.340018 
3603.762828  	93.504766 
3605.199735  	93.586641 
3606.636642  	93.732555 
3608.073550  	93.901293 
3609.510457  	93.695675 
3610.947364  	93.615877 
3612.384271  	93.799406 
3613.821178  	93.719276 
3615.258085  	93.724731 
3616.694992  	94.084911 
3618.131899  	94.267395 
3619.568806  	94.164841 
3621.005713  	94.215076 
3622.442620  	94.315035 
3623.879527  	94.310600 
3625.316434  	94.409518 
3626.753341  	94.604616 
3628.190248  	94.560299 
3629.627155  	94.238278 
3631.064062  	94.410351 
3632.500969  	94.669277 
3633.937876  	94.803384 
3635.374783  	94.872354 
3636.811690  	94.909907 
3638.248597  	94.996672 
3639.685504  	95.089901 
3641.122411  	95.005785 
3642.559318  	94.830697 
3643.996225  	94.946032 
3645.433132  	95.289937 
3646.870039  	95.487046 
3648.306946  	95.589972 
3649.743853  	95.707424 
3651.180760  	95.369161 
3652.617667  	95.265132 
3654.054574  	95.582620 
3655.491481  	95.667384 
3656.928389  	95.552345 
3658.365296  	95.776327 
3659.802203  	95.945156 
3661.239110  	95.945327 
3662.676017  	96.044664 
3664.112924  	96.196983 
3665.549831  	96.303852 
3666.986738  	96.405808 
3668.423645  	96.424808 
3669.860552  	96.297906 
3671.297459  	96.184826 
3672.734366  	96.328967 
3674.171273  	96.511854 
3675.608180  	96.618236 
3677.045087  	96.668066 
3678.481994  	96.842969 
3679.918901  	96.918061 
3681.355808  	96.842964 
3682.792715  	96.875850 
3684.229622  	96.981687 
3685.666529  	97.024934 
3687.103436  	97.110217 
3688.540343  	97.235801 
3689.977250  	97.282014 
3691.414157  	97.302766 
3692.851064  	97.268183 
3694.287971  	97.251426 
3695.724878  	97.319200 
3697.161785  	97.345173 
3698.598692  	97.369318 
3700.035599  	97.496160 
3701.472506  	97.584825 
3702.909413  	97.487748 
3704.346320  	97.429079 
3705.783227  	97.455135 
3707.220135  	97.489708 
3708.657042  	97.575485 
3710.093949  	97.708863 
3711.530856  	97.702284 
3712.967763  	97.505570 
3714.404670  	97.460595 
3715.841577  	97.521253 
3717.278484  	97.502261 
3718.715391  	97.445144 
3720.152298  	97.445799 
3721.589205  	97.516295 
3723.026112  	97.639140 
3724.463019  	97.696769 
3725.899926  	97.674753 
3727.336833  	97.574363 
3728.773740  	97.448272 
3730.210647  	97.449002 
3731.647554  	97.421557 
3733.084461  	97.304937 
3734.521368  	97.463398 
3735.958275  	97.619573 
3737.395182  	97.459608 
3738.832089  	97.587843 
3740.268996  	97.809532 
3741.705903  	97.827227 
3743.142810  	97.839644 
3744.579717  	97.671968 
3746.016624  	97.299412 
3747.453531  	97.659012 
3748.890438  	98.002862 
3750.327345  	97.911697 
3751.764252  	97.751878 
3753.201159  	97.806849 
3754.638066  	97.845016 
3756.074973  	97.947454 
3757.511881  	98.108191 
3758.948788  	98.205548 
3760.385695  	98.098254 
3761.822602  	97.897363 
3763.259509  	97.956461 
3764.696416  	98.012844 
3766.133323  	97.868550 
3767.570230  	97.935842 
3769.007137  	98.078519 
3770.444044  	97.979001 
3771.880951  	97.943066 
3773.317858  	97.968238 
3774.754765  	97.816575 
3776.191672  	97.802269 
3777.628579  	97.840177 
3779.065486  	97.786258 
3780.502393  	97.704274 
3781.939300  	97.653746 
3783.376207  	97.668931 
3784.813114  	97.758248 
3786.250021  	97.789380 
3787.686928  	97.687846 
3789.123835  	97.632842 
3790.560742  	97.723900 
3791.997649  	97.739764 
3793.434556  	97.714529 
3794.871463  	97.774465 
3796.308370  	97.776615 
3797.745277  	97.645033 
3799.182184  	97.702536 
3800.619091  	97.733556 
3802.055998  	97.429708 
3803.492905  	97.463608 
3804.929812  	97.791662 
3806.366720  	97.904081 
3807.803627  	97.757069 
3809.240534  	97.762428 
3810.677441  	97.876337 
3812.114348  	97.853347 
3813.551255  	97.833556 
3814.988162  	97.927266 
3816.425069  	97.888106 
3817.861976  	97.735817 
3819.298883  	97.816962 
3820.735790  	97.873009 
3822.172697  	97.718713 
3823.609604  	97.706893 
3825.046511  	97.822056 
3826.483418  	97.902381 
3827.920325  	97.867723 
3829.357232  	97.906929 
3830.794139  	97.996323 
3832.231046  	97.856126 
3833.667953  	97.657214 
3835.104860  	97.720181 
3836.541767  	97.768933 
3837.978674  	97.620581 
3839.415581  	97.694435 
3840.852488  	97.989079 
3842.289395  	98.069363 
3843.726302  	97.988931 
3845.163209  	97.835644 
3846.600116  	97.695408 
3848.037023  	97.689302 
3849.473930  	97.703204 
3850.910837  	97.701724 
3852.347744  	97.806455 
3853.784651  	97.912490 
3855.221558  	97.711697 
3856.658466  	97.748228 
3858.095373  	97.833280 
3859.532280  	97.846896 
3860.969187  	97.845558 
3862.406094  	97.814577 
3863.843001  	97.768800 
3865.279908  	97.704537 
3866.716815  	97.612993 
3868.153722  	97.770699 
3869.590629  	97.956158 
3871.027536  	97.830001 
3872.464443  	97.835537 
3873.901350  	97.935965 
3875.338257  	97.795103 
3876.775164  	97.756239 
3878.212071  	97.852283 
3879.648978  	97.819026 
3881.085885  	97.739770 
3882.522792  	97.739017 
3883.959699  	97.775579 
3885.396606  	97.717268 
3886.833513  	97.550198 
3888.270420  	97.683193 
3889.707327  	97.922208 
3891.144234  	97.954845 
3892.581141  	97.785304 
3894.018048  	97.782888 
3895.454955  	97.803933 
3896.891862  	97.719190 
3898.328769  	97.632811 
3899.765676  	97.633884 
3901.202583  	97.731536 
3902.639490  	97.823553 
3904.076397  	97.815141 
3905.513305  	97.768887 
3906.950212  	97.841065 
3908.387119  	97.892873 
3909.824026  	97.806238 
3911.260933  	97.749205 
3912.697840  	97.773210 
3914.134747  	97.777042 
3915.571654  	97.757848 
3917.008561  	97.758784 
3918.445468  	97.796443 
3919.882375  	97.864523 
3921.319282  	97.848302 
3922.756189  	97.826976 
3924.193096  	97.825657 
3925.630003  	97.756694 
3927.066910  	97.690034 
3928.503817  	97.699246 
3929.940724  	97.739777 
3931.377631  	97.812670 
3932.814538  	97.840797 
3934.251445  	97.780220 
3935.688352  	97.752258 
3937.125259  	97.752484 
3938.562166  	97.768617 
3939.999073  	97.799923 
3941.435980  	97.803647 
3942.872887  	97.775835 
3944.309794  	97.750851 
3945.746701  	97.765978 
3947.183608  	97.779615 
3948.620515  	97.773301 
3950.057422  	97.803126 
3951.494329  	97.830380 
3952.931236  	97.809702 
3954.368143  	97.789750 
3955.805051  	97.790504 
3957.241958  	97.792445 
3958.678865  	97.776323 
3960.115772  	97.765228 
3961.552679  	97.809696 
3962.989586  	97.832466 
3964.426493  	97.788500 
3965.863400  	97.796161 
3967.300307  	97.822965 
3968.737214  	97.804149 
3970.174121  	97.826185 
3971.611028  	97.856088 
3973.047935  	97.804249 
3974.484842  	97.739632 
3975.921749  	97.741173 
3977.358656  	97.777139 
3978.795563  	97.795598 
3980.232470  	97.805225 
3981.669377  	97.801111 
3983.106284  	97.779132 
3984.543191  	97.801859 
3985.980098  	97.842499 
3987.417005  	97.826702 
3988.853912  	97.790285 
3990.290819  	97.778049 
3991.727726  	97.812258 
3993.164633  	97.852096 
3994.601540  	97.820060 
3996.038447  	97.786798 
3997.475354  	97.802543 
3998.912261  	97.801824 
4000.349168  	97.799015 