399.460154  	34.890790 
400.897061  	33.546150 
402.333968  	35.207863 
403.770875  	35.112732 
405.207782  	34.729422 
406.644689  	35.648345 
408.081596  	34.336494 
409.518503  	34.319635 
410.955410  	35.288224 
412.392317  	34.365009 
413.829224  	34.619651 
415.266131  	34.627918 
416.703038  	33.614478 
418.139945  	33.546866 
419.576852  	33.372806 
421.013759  	34.099579 
422.450666  	34.673703 
423.887574  	33.806920 
425.324481  	34.151314 
426.761388  	34.653757 
428.198295  	34.501081 
429.635202  	34.904274 
431.072109  	34.563716 
432.509016  	34.271455 
433.945923  	34.534318 
435.382830  	34.075033 
436.819737  	34.369079 
438.256644  	34.904864 
439.693551  	34.541082 
441.130458  	34.607619 
442.567365  	34.893432 
444.004272  	34.896369 
445.441179  	34.584318 
446.878086  	34.102696 
448.314993  	34.384858 
449.751900  	34.504749 
451.188807  	34.447054 
452.625714  	34.665830 
454.062621  	34.398037 
455.499528  	34.438335 
456.936435  	34.417915 
458.373342  	33.918553 
459.810249  	34.354390 
461.247156  	34.500876 
462.684063  	34.509216 
464.120970  	35.073586 
465.557877  	34.806233 
466.994784  	34.637968 
468.431691  	35.105056 
469.868598  	34.778411 
471.305505  	34.383813 
472.742413  	34.227730 
474.179320  	34.194334 
475.616227  	34.489110 
477.053134  	34.365890 
478.490041  	34.331305 
479.926948  	34.508664 
481.363855  	34.408436 
482.800762  	34.622808 
484.237669  	34.643144 
485.674576  	34.446036 
487.111483  	34.719631 
488.548390  	34.704448 
489.985297  	34.473253 
491.422204  	34.357684 
492.859111  	34.310236 
494.296018  	34.749893 
495.732925  	34.813118 
497.169832  	34.445232 
498.606739  	34.531838 
500.043646  	34.539565 
501.480553  	34.671679 
502.917460  	35.050031 
504.354367  	34.832115 
505.791274  	34.784070 
507.228181  	35.025731 
508.665088  	35.037701 
510.101995  	35.114549 
511.538902  	34.957430 
512.975809  	34.773550 
514.412716  	34.944539 
515.849623  	34.994665 
517.286530  	35.172433 
518.723437  	35.327610 
520.160344  	35.126139 
521.597251  	35.169709 
523.034159  	35.188235 
524.471066  	35.025455 
525.907973  	35.072408 
527.344880  	35.111853 
528.781787  	35.213727 
530.218694  	35.328664 
531.655601  	35.202567 
533.092508  	35.222739 
534.529415  	35.359664 
535.966322  	35.399025 
537.403229  	35.405948 
538.840136  	35.351951 
540.277043  	35.440489 
541.713950  	35.589637 
543.150857  	35.637276 
544.587764  	35.835999 
546.024671  	35.912470 
547.461578  	35.789784 
548.898485  	35.854429 
550.335392  	35.980276 
551.772299  	36.124109 
553.209206  	36.217928 
554.646113  	36.147453 
556.083020  	36.226280 
557.519927  	36.372248 
558.956834  	36.357055 
560.393741  	36.331445 
561.830648  	36.356004 
563.267555  	36.525413 
564.704462  	36.694115 
566.141369  	36.673284 
567.578276  	36.716562 
569.015183  	36.810774 
570.452090  	36.897939 
571.888997  	37.090277 
573.325905  	37.134151 
574.762812  	37.094765 
576.199719  	37.218636 
577.636626  	37.294259 
579.073533  	37.302985 
580.510440  	37.408633 
581.947347  	37.604058 
583.384254  	37.801589 
584.821161  	37.862969 
586.258068  	37.890420 
587.694975  	38.024144 
589.131882  	38.111904 
590.568789  	38.156146 
592.005696  	38.267003 
593.442603  	38.377401 
594.879510  	38.421015 
596.316417  	38.438716 
597.753324  	38.545844 
599.190231  	38.700591 
600.627138  	38.795696 
602.064045  	38.892321 
603.500952  	38.978084 
604.937859  	39.058006 
606.374766  	39.168053 
607.811673  	39.296309 
609.248580  	39.440573 
610.685487  	39.593806 
612.122394  	39.717838 
613.559301  	39.846479 
614.996208  	39.964185 
616.433115  	40.102901 
617.870022  	40.283670 
619.306929  	40.393109 
620.743836  	40.502935 
622.180744  	40.666892 
623.617651  	40.782481 
625.054558  	40.890678 
626.491465  	41.031035 
627.928372  	41.136042 
629.365279  	41.234294 
630.802186  	41.385165 
632.239093  	41.535191 
633.676000  	41.671114 
635.112907  	41.780356 
636.549814  	41.892250 
637.986721  	42.023631 
639.423628  	42.165266 
640.860535  	42.309067 
642.297442  	42.418879 
643.734349  	42.527841 
645.171256  	42.701950 
646.608163  	42.856525 
648.045070  	43.010432 
649.481977  	43.182462 
650.918884  	43.316647 
652.355791  	43.478221 
653.792698  	43.687950 
655.229605  	43.842338 
656.666512  	43.949682 
658.103419  	44.097388 
659.540326  	44.295277 
660.977233  	44.460202 
662.414140  	44.590588 
663.851047  	44.741213 
665.287954  	44.844505 
666.724861  	44.957733 
668.161768  	45.199134 
669.598675  	45.455148 
671.035582  	45.574908 
672.472490  	45.728797 
673.909397  	45.909741 
675.346304  	46.071094 
676.783211  	46.245891 
678.220118  	46.434379 
679.657025  	46.621993 
681.093932  	46.808215 
682.530839  	46.971402 
683.967746  	47.152714 
685.404653  	47.325192 
686.841560  	47.486036 
688.278467  	47.705995 
689.715374  	47.911076 
691.152281  	48.057717 
692.589188  	48.218752 
694.026095  	48.413971 
695.463002  	48.622628 
696.899909  	48.808457 
698.336816  	48.989525 
699.773723  	49.193814 
701.210630  	49.369446 
702.647537  	49.513942 
704.084444  	49.736162 
705.521351  	49.954560 
706.958258  	50.111946 
708.395165  	50.341226 
709.832072  	50.592529 
711.268979  	50.752843 
712.705886  	50.924338 
714.142793  	51.131087 
715.579700  	51.320482 
717.016607  	51.538525 
718.453514  	51.747421 
719.890421  	51.922182 
721.327328  	52.144750 
722.764236  	52.363123 
724.201143  	52.532415 
725.638050  	52.733887 
727.074957  	52.955830 
728.511864  	53.181671 
729.948771  	53.455035 
731.385678  	53.705364 
732.822585  	53.882877 
734.259492  	54.058527 
735.696399  	54.250205 
737.133306  	54.456090 
738.570213  	54.704662 
740.007120  	54.955300 
741.444027  	55.165932 
742.880934  	55.381895 
744.317841  	55.627421 
745.754748  	55.862719 
747.191655  	56.074064 
748.628562  	56.280392 
750.065469  	56.488540 
751.502376  	56.689701 
752.939283  	56.891553 
754.376190  	57.121841 
755.813097  	57.350859 
757.250004  	57.558999 
758.686911  	57.816500 
760.123818  	58.096574 
761.560725  	58.311802 
762.997632  	58.531791 
764.434539  	58.799607 
765.871446  	59.023558 
767.308353  	59.209082 
768.745260  	59.430869 
770.182167  	59.690571 
771.619075  	59.933974 
773.055982  	60.131619 
774.492889  	60.359251 
775.929796  	60.644952 
777.366703  	60.877199 
778.803610  	61.062013 
780.240517  	61.299016 
781.677424  	61.568357 
783.114331  	61.813051 
784.551238  	62.026214 
785.988145  	62.256299 
787.425052  	62.533398 
788.861959  	62.786723 
790.298866  	63.007170 
791.735773  	63.246658 
793.172680  	63.490371 
794.609587  	63.749625 
796.046494  	64.004873 
797.483401  	64.219128 
798.920308  	64.452059 
800.357215  	64.700177 
801.794122  	64.956780 
803.231029  	65.249096 
804.667936  	65.486581 
806.104843  	65.700370 
807.541750  	65.965696 
808.978657  	66.190267 
810.415564  	66.438415 
811.852471  	66.761937 
813.289378  	67.012105 
814.726285  	67.222537 
816.163192  	67.456164 
817.600099  	67.666259 
819.037006  	67.902752 
820.473913  	68.161911 
821.910821  	68.416356 
823.347728  	68.706114 
824.784635  	68.997874 
826.221542  	69.257991 
827.658449  	69.477649 
829.095356  	69.689589 
830.532263  	69.937821 
831.969170  	70.156752 
833.406077  	70.387155 
834.842984  	70.677225 
836.279891  	70.911032 
837.716798  	71.144079 
839.153705  	71.443535 
840.590612  	71.724820 
842.027519  	71.991370 
843.464426  	72.197106 
844.901333  	72.384216 
846.338240  	72.700867 
847.775147  	73.018400 
849.212054  	73.254691 
850.648961  	73.486063 
852.085868  	73.695843 
853.522775  	73.946813 
854.959682  	74.210239 
856.396589  	74.399644 
857.833496  	74.639029 
859.270403  	74.918823 
860.707310  	75.154227 
862.144217  	75.407021 
863.581124  	75.668770 
865.018031  	75.930908 
866.454938  	76.186980 
867.891845  	76.398226 
869.328752  	76.610696 
870.765660  	76.828063 
872.202567  	77.069257 
873.639474  	77.365572 
875.076381  	77.632907 
876.513288  	77.859444 
877.950195  	78.057832 
879.387102  	78.231019 
880.824009  	78.441941 
882.260916  	78.653167 
883.697823  	78.865453 
885.134730  	79.107392 
886.571637  	79.317741 
888.008544  	79.545131 
889.445451  	79.764271 
890.882358  	79.925425 
892.319265  	80.151211 
893.756172  	80.382300 
895.193079  	80.564884 
896.629986  	80.788705 
898.066893  	80.970236 
899.503800  	81.124297 
900.940707  	81.327618 
902.377614  	81.517358 
903.814521  	81.718774 
905.251428  	81.899398 
906.688335  	82.034006 
908.125242  	82.214158 
909.562149  	82.389112 
910.999056  	82.560763 
912.435963  	82.764703 
913.872870  	82.933387 
915.309777  	83.121711 
916.746684  	83.306557 
918.183591  	83.436552 
919.620498  	83.608730 
921.057406  	83.773095 
922.494313  	83.905310 
923.931220  	84.068266 
925.368127  	84.206201 
926.805034  	84.345551 
928.241941  	84.497911 
929.678848  	84.630653 
931.115755  	84.789095 
932.552662  	84.920618 
933.989569  	85.032864 
935.426476  	85.158869 
936.863383  	85.225488 
938.300290  	85.335873 
939.737197  	85.518002 
941.174104  	85.633228 
942.611011  	85.726025 
944.047918  	85.828539 
945.484825  	85.924591 
946.921732  	86.033260 
948.358639  	86.122832 
949.795546  	86.245520 
951.232453  	86.387815 
952.669360  	86.482320 
954.106267  	86.604548 
955.543174  	86.728605 
956.980081  	86.817901 
958.416988  	86.910936 
959.853895  	86.967525 
961.290802  	87.056695 
962.727709  	87.197441 
964.164616  	87.289415 
965.601523  	87.368131 
967.038430  	87.428995 
968.475337  	87.491944 
969.912244  	87.615587 
971.349152  	87.692212 
972.786059  	87.748643 
974.222966  	87.849170 
975.659873  	87.905742 
977.096780  	87.956434 
978.533687  	88.025288 
979.970594  	88.094532 
981.407501  	88.186130 
982.844408  	88.234969 
984.281315  	88.291060 
985.718222  	88.380534 
987.155129  	88.408203 
988.592036  	88.473368 
990.028943  	88.587287 
991.465850  	88.638118 
992.902757  	88.682589 
994.339664  	88.717254 
995.776571  	88.724435 
997.213478  	88.759724 
998.650385  	88.829882 
1000.087292  	88.936715 
1001.524199  	88.987294 
1002.961106  	88.981274 
1004.398013  	89.043888 
1005.834920  	89.081592 
1007.271827  	89.084937 
1008.708734  	89.161463 
1010.145641  	89.219161 
1011.582548  	89.260782 
1013.019455  	89.321551 
1014.456362  	89.340170 
1015.893269  	89.365454 
1017.330176  	89.385273 
1018.767083  	89.400097 
1020.203991  	89.483276 
1021.640898  	89.548839 
1023.077805  	89.556320 
1024.514712  	89.554902 
1025.951619  	89.564900 
1027.388526  	89.615780 
1028.825433  	89.639537 
1030.262340  	89.632739 
1031.699247  	89.664597 
1033.136154  	89.685953 
1034.573061  	89.726456 
1036.009968  	89.780705 
1037.446875  	89.771309 
1038.883782  	89.791833 
1040.320689  	89.835745 
1041.757596  	89.835276 
1043.194503  	89.856031 
1044.631410  	89.871963 
1046.068317  	89.884635 
1047.505224  	89.926914 
1048.942131  	89.938032 
1050.379038  	89.949689 
1051.815945  	89.968003 
1053.252852  	89.971274 
1054.689759  	90.016415 
1056.126666  	90.060752 
1057.563573  	90.076894 
1059.000480  	90.091104 
1060.437387  	90.096895 
1061.874294  	90.132417 
1063.311201  	90.158373 
1064.748108  	90.154395 
1066.185015  	90.176516 
1067.621922  	90.180090 
1069.058829  	90.192626 
1070.495737  	90.231781 
1071.932644  	90.227879 
1073.369551  	90.235579 
1074.806458  	90.222916 
1076.243365  	90.170662 
1077.680272  	90.200365 
1079.117179  	90.242595 
1080.554086  	90.258347 
1081.990993  	90.300184 
1083.427900  	90.293948 
1084.864807  	90.281442 
1086.301714  	90.285067 
1087.738621  	90.246167 
1089.175528  	90.245569 
1090.612435  	90.282362 
1092.049342  	90.310836 
1093.486249  	90.338419 
1094.923156  	90.325151 
1096.360063  	90.321524 
1097.796970  	90.339346 
1099.233877  	90.332017 
1100.670784  	90.350151 
1102.107691  	90.373687 
1103.544598  	90.394180 
1104.981505  	90.423949 
1106.418412  	90.411262 
1107.855319  	90.427604 
1109.292226  	90.466188 
1110.729133  	90.456818 
1112.166040  	90.482736 
1113.602947  	90.497503 
1115.039854  	90.464109 
1116.476761  	90.476178 
1117.913668  	90.495922 
1119.350575  	90.524018 
1120.787483  	90.554634 
1122.224390  	90.527822 
1123.661297  	90.528575 
1125.098204  	90.532718 
1126.535111  	90.488798 
1127.972018  	90.491010 
1129.408925  	90.512426 
1130.845832  	90.521659 
1132.282739  	90.520030 
1133.719646  	90.479016 
1135.156553  	90.483593 
1136.593460  	90.515553 
1138.030367  	90.508905 
1139.467274  	90.515231 
1140.904181  	90.498302 
1142.341088  	90.480475 
1143.777995  	90.504168 
1145.214902  	90.490452 
1146.651809  	90.488887 
1148.088716  	90.502016 
1149.525623  	90.458833 
1150.962530  	90.445232 
1152.399437  	90.450114 
1153.836344  	90.433504 
1155.273251  	90.451140 
1156.710158  	90.461878 
1158.147065  	90.467547 
1159.583972  	90.483379 
1161.020879  	90.462924 
1162.457786  	90.446497 
1163.894693  	90.430380 
1165.331600  	90.412746 
1166.768507  	90.443958 
1168.205414  	90.452570 
1169.642322  	90.420702 
1171.079229  	90.407103 
1172.516136  	90.400733 
1173.953043  	90.408102 
1175.389950  	90.415974 
1176.826857  	90.422202 
1178.263764  	90.449221 
1179.700671  	90.446253 
1181.137578  	90.431037 
1182.574485  	90.435979 
1184.011392  	90.419514 
1185.448299  	90.404077 
1186.885206  	90.395695 
1188.322113  	90.389438 
1189.759020  	90.403347 
1191.195927  	90.389284 
1192.632834  	90.368419 
1194.069741  	90.374039 
1195.506648  	90.364409 
1196.943555  	90.362353 
1198.380462  	90.356545 
1199.817369  	90.330808 
1201.254276  	90.328879 
1202.691183  	90.311940 
1204.128090  	90.298561 
1205.564997  	90.329796 
1207.001904  	90.323528 
1208.438811  	90.296327 
1209.875718  	90.303176 
1211.312625  	90.304032 
1212.749532  	90.293085 
1214.186439  	90.281677 
1215.623346  	90.290676 
1217.060253  	90.313717 
1218.497160  	90.304967 
1219.934068  	90.300387 
1221.370975  	90.304322 
1222.807882  	90.286373 
1224.244789  	90.284379 
1225.681696  	90.284552 
1227.118603  	90.278217 
1228.555510  	90.276183 
1229.992417  	90.251270 
1231.429324  	90.250107 
1232.866231  	90.264184 
1234.303138  	90.239205 
1235.740045  	90.233002 
1237.176952  	90.233868 
1238.613859  	90.215996 
1240.050766  	90.229845 
1241.487673  	90.228832 
1242.924580  	90.190722 
1244.361487  	90.166154 
1245.798394  	90.152787 
1247.235301  	90.145820 
1248.672208  	90.136751 
1250.109115  	90.125971 
1251.546022  	90.114032 
1252.982929  	90.078036 
1254.419836  	90.063235 
1255.856743  	90.074160 
1257.293650  	90.056326 
1258.730557  	90.043053 
1260.167464  	90.044991 
1261.604371  	90.044484 
1263.041278  	90.045895 
1264.478185  	90.021190 
1265.915092  	90.000457 
1267.351999  	90.002309 
1268.788907  	89.989502 
1270.225814  	89.977150 
1271.662721  	89.958388 
1273.099628  	89.947649 
1274.536535  	89.963080 
1275.973442  	89.946295 
1277.410349  	89.935040 
1278.847256  	89.944410 
1280.284163  	89.910744 
1281.721070  	89.899474 
1283.157977  	89.918448 
1284.594884  	89.926800 
1286.031791  	89.965044 
1287.468698  	89.974147 
1288.905605  	89.951691 
1290.342512  	89.965232 
1291.779419  	89.962871 
1293.216326  	89.965994 
1294.653233  	89.990306 
1296.090140  	89.980800 
1297.527047  	89.991435 
1298.963954  	90.025969 
1300.400861  	90.040426 
1301.837768  	90.046639 
1303.274675  	90.037453 
1304.711582  	90.043384 
1306.148489  	90.058847 
1307.585396  	90.058803 
1309.022303  	90.077504 
1310.459210  	90.086004 
1311.896117  	90.082113 
1313.333024  	90.088405 
1314.769931  	90.100146 
1316.206838  	90.105566 
1317.643745  	90.113011 
1319.080653  	90.101364 
1320.517560  	90.112841 
1321.954467  	90.133172 
1323.391374  	90.137882 
1324.828281  	90.139108 
1326.265188  	90.128564 
1327.702095  	90.116361 
1329.139002  	90.124565 
1330.575909  	90.111946 
1332.012816  	90.094245 
1333.449723  	90.088236 
1334.886630  	90.069718 
1336.323537  	90.060321 
1337.760444  	90.036130 
1339.197351  	90.004041 
1340.634258  	90.004112 
1342.071165  	90.001873 
1343.508072  	89.989167 
1344.944979  	89.969676 
1346.381886  	89.950864 
1347.818793  	89.936128 
1349.255700  	89.893815 
1350.692607  	89.861109 
1352.129514  	89.850279 
1353.566421  	89.825926 
1355.003328  	89.787710 
1356.440235  	89.750132 
1357.877142  	89.718426 
1359.314049  	89.694766 
1360.750956  	89.671473 
1362.187863  	89.615785 
1363.624770  	89.586734 
1365.061677  	89.552919 
1366.498584  	89.526616 
1367.935491  	89.480209 
1369.372399  	89.419611 
1370.809306  	89.375786 
1372.246213  	89.303249 
1373.683120  	89.219624 
1375.120027  	89.179482 
1376.556934  	89.141753 
1377.993841  	89.087406 
1379.430748  	89.047733 
1380.867655  	89.004742 
1382.304562  	88.976502 
1383.741469  	88.958502 
1385.178376  	88.925840 
1386.615283  	88.890548 
1388.052190  	88.859772 
1389.489097  	88.843708 
1390.926004  	88.855539 
1392.362911  	88.878765 
1393.799818  	88.898348 
1395.236725  	88.924590 
1396.673632  	88.933912 
1398.110539  	88.966396 
1399.547446  	89.018154 
1400.984353  	89.067881 
1402.421260  	89.115574 
1403.858167  	89.116348 
1405.295074  	89.119081 
1406.731981  	89.193012 
1408.168888  	89.230684 
1409.605795  	89.255509 
1411.042702  	89.278809 
1412.479609  	89.301434 
1413.916516  	89.359606 
1415.353423  	89.385846 
1416.790330  	89.398720 
1418.227238  	89.471521 
1419.664145  	89.535138 
1421.101052  	89.560009 
1422.537959  	89.571534 
1423.974866  	89.592458 
1425.411773  	89.655219 
1426.848680  	89.679994 
1428.285587  	89.635115 
1429.722494  	89.603242 
1431.159401  	89.622281 
1432.596308  	89.687530 
1434.033215  	89.731816 
1435.470122  	89.747658 
1436.907029  	89.745289 
1438.343936  	89.675480 
1439.780843  	89.653915 
1441.217750  	89.705580 
1442.654657  	89.736281 
1444.091564  	89.759376 
1445.528471  	89.748996 
1446.965378  	89.714980 
1448.402285  	89.704613 
1449.839192  	89.704106 
1451.276099  	89.691986 
1452.713006  	89.695058 
1454.149913  	89.680197 
1455.586820  	89.671184 
1457.023727  	89.646535 
1458.460634  	89.601949 
1459.897541  	89.630796 
1461.334448  	89.649187 
1462.771355  	89.668899 
1464.208262  	89.671429 
1465.645169  	89.632856 
1467.082076  	89.607236 
1468.518984  	89.594306 
1469.955891  	89.577286 
1471.392798  	89.597604 
1472.829705  	89.586471 
1474.266612  	89.525510 
1475.703519  	89.493661 
1477.140426  	89.479438 
1478.577333  	89.500287 
1480.014240  	89.497124 
1481.451147  	89.444478 
1482.888054  	89.425607 
1484.324961  	89.417155 
1485.761868  	89.358678 
1487.198775  	89.324600 
1488.635682  	89.278788 
1490.072589  	89.191509 
1491.509496  	89.163315 
1492.946403  	89.154301 
1494.383310  	89.146255 
1495.820217  	89.116161 
1497.257124  	89.022118 
1498.694031  	88.974937 
1500.130938  	88.920246 
1501.567845  	88.893023 
1503.004752  	88.883732 
1504.441659  	88.860779 
1505.878566  	88.839409 
1507.315473  	88.671635 
1508.752380  	88.563273 
1510.189287  	88.584230 
1511.626194  	88.566036 
1513.063101  	88.530820 
1514.500008  	88.504799 
1515.936915  	88.398885 
1517.373822  	88.307807 
1518.810730  	88.289275 
1520.247637  	88.237861 
1521.684544  	88.214548 
1523.121451  	88.150038 
1524.558358  	88.068780 
1525.995265  	88.015363 
1527.432172  	87.915214 
1528.869079  	87.858263 
1530.305986  	87.799211 
1531.742893  	87.649591 
1533.179800  	87.545482 
1534.616707  	87.423488 
1536.053614  	87.305881 
1537.490521  	87.240542 
1538.927428  	87.106580 
1540.364335  	86.956496 
1541.801242  	86.842002 
1543.238149  	86.618673 
1544.675056  	86.494366 
1546.111963  	86.399148 
1547.548870  	86.259474 
1548.985777  	86.125458 
1550.422684  	85.881487 
1551.859591  	85.700456 
1553.296498  	85.590869 
1554.733405  	85.400062 
1556.170312  	85.267953 
1557.607219  	85.175211 
1559.044126  	84.944939 
1560.481033  	84.804838 
1561.917940  	84.583893 
1563.354847  	84.415042 
1564.791754  	84.340621 
1566.228661  	84.129905 
1567.665569  	83.970686 
1569.102476  	83.796954 
1570.539383  	83.550001 
1571.976290  	83.504752 
1573.413197  	83.371974 
1574.850104  	83.237324 
1576.287011  	83.208826 
1577.723918  	82.903345 
1579.160825  	82.650247 
1580.597732  	82.510648 
1582.034639  	82.326664 
1583.471546  	82.198940 
1584.908453  	82.003197 
1586.345360  	81.735622 
1587.782267  	81.565835 
1589.219174  	81.307532 
1590.656081  	81.043700 
1592.092988  	80.805262 
1593.529895  	80.497253 
1594.966802  	80.225870 
1596.403709  	79.940181 
1597.840616  	79.607678 
1599.277523  	79.328320 
1600.714430  	78.941389 
1602.151337  	78.546595 
1603.588244  	78.157535 
1605.025151  	77.704205 
1606.462058  	77.313704 
1607.898965  	76.916549 
1609.335872  	76.420716 
1610.772779  	76.012797 
1612.209686  	75.578383 
1613.646593  	75.097778 
1615.083500  	74.675870 
1616.520407  	74.108349 
1617.957315  	73.719014 
1619.394222  	73.334481 
1620.831129  	72.770919 
1622.268036  	72.456085 
1623.704943  	72.201428 
1625.141850  	71.748532 
1626.578757  	71.406124 
1628.015664  	71.017049 
1629.452571  	70.824032 
1630.889478  	70.722483 
1632.326385  	70.411833 
1633.763292  	70.209043 
1635.200199  	70.134458 
1636.637106  	70.225317 
1638.074013  	70.434609 
1639.510920  	70.379097 
1640.947827  	70.441907 
1642.384734  	70.687690 
1643.821641  	70.761141 
1645.258548  	70.874851 
1646.695455  	71.133179 
1648.132362  	71.461718 
1649.569269  	71.840986 
1651.006176  	71.982448 
1652.443083  	72.110251 
1653.879990  	73.290242 
1655.316897  	73.467685 
1656.753804  	73.600340 
1658.190711  	74.032366 
1659.627618  	74.420569 
1661.064525  	74.830706 
1662.501432  	75.272492 
1663.938339  	75.707201 
1665.375246  	76.146883 
1666.812154  	76.464059 
1668.249061  	76.851453 
1669.685968  	77.492450 
1671.122875  	77.974022 
1672.559782  	78.355362 
1673.996689  	78.698898 
1675.433596  	79.139891 
1676.870503  	79.839870 
1678.307410  	80.178945 
1679.744317  	80.554258 
1681.181224  	81.051131 
1682.618131  	81.386238 
1684.055038  	81.801103 
1685.491945  	82.540201 
1686.928852  	82.819056 
1688.365759  	83.210240 
1689.802666  	83.700328 
1691.239573  	84.102533 
1692.676480  	84.508474 
1694.113387  	84.793150 
1695.550294  	85.119417 
1696.987201  	85.588189 
1698.424108  	85.820435 
1699.861015  	86.137045 
1701.297922  	86.729669 
1702.734829  	86.895547 
1704.171736  	87.189490 
1705.608643  	87.506239 
1707.045550  	87.769576 
1708.482457  	88.095539 
1709.919364  	88.384656 
1711.356271  	88.671962 
1712.793178  	88.975338 
1714.230085  	89.201632 
1715.666992  	89.493431 
1717.103900  	89.799862 
1718.540807  	90.052405 
1719.977714  	90.361811 
1721.414621  	90.581882 
1722.851528  	90.817779 
1724.288435  	91.102431 
1725.725342  	91.308142 
1727.162249  	91.545115 
1728.599156  	91.679374 
1730.036063  	91.788449 
1731.472970  	91.985783 
1732.909877  	92.146599 
1734.346784  	92.228832 
1735.783691  	92.408680 
1737.220598  	92.506628 
1738.657505  	92.640025 
1740.094412  	92.777352 
1741.531319  	92.870820 
1742.968226  	92.996716 
1744.405133  	93.086842 
1745.842040  	93.198986 
1747.278947  	93.393227 
1748.715854  	93.486209 
1750.152761  	93.583789 
1751.589668  	93.720143 
1753.026575  	93.806324 
1754.463482  	93.944190 
1755.900389  	94.015435 
1757.337296  	94.033832 
1758.774203  	94.144884 
1760.211110  	94.210174 
1761.648017  	94.279002 
1763.084924  	94.356933 
1764.521831  	94.383771 
1765.958738  	94.472447 
1767.395646  	94.530097 
1768.832553  	94.533608 
1770.269460  	94.618529 
1771.706367  	94.632243 
1773.143274  	94.613222 
1774.580181  	94.717145 
1776.017088  	94.777653 
1777.453995  	94.850051 
1778.890902  	94.899497 
1780.327809  	94.905565 
1781.764716  	94.972980 
1783.201623  	95.011438 
1784.638530  	95.030997 
1786.075437  	95.080210 
1787.512344  	95.109516 
1788.949251  	95.164637 
1790.386158  	95.219270 
1791.823065  	95.186091 
1793.259972  	95.232862 
1794.696879  	95.242026 
1796.133786  	95.274294 
1797.570693  	95.411367 
1799.007600  	95.457474 
1800.444507  	95.461921 
1801.881414  	95.427101 
1803.318321  	95.391751 
1804.755228  	95.497359 
1806.192135  	95.548609 
1807.629042  	95.556714 
1809.065949  	95.607749 
1810.502856  	95.590131 
1811.939763  	95.569761 
1813.376670  	95.630207 
1814.813577  	95.688851 
1816.250485  	95.726773 
1817.687392  	95.715557 
1819.124299  	95.715780 
1820.561206  	95.758275 
1821.998113  	95.736176 
1823.435020  	95.737815 
1824.871927  	95.763128 
1826.308834  	95.727468 
1827.745741  	95.772865 
1829.182648  	95.790928 
1830.619555  	95.769804 
1832.056462  	95.834967 
1833.493369  	95.865811 
1834.930276  	95.880587 
1836.367183  	95.900140 
1837.804090  	95.870508 
1839.240997  	95.926892 
1840.677904  	95.961532 
1842.114811  	95.947605 
1843.551718  	96.025070 
1844.988625  	96.004102 
1846.425532  	95.964343 
1847.862439  	96.012980 
1849.299346  	96.006915 
1850.736253  	96.055038 
1852.173160  	96.103594 
1853.610067  	96.032370 
1855.046974  	96.059930 
1856.483881  	96.057335 
1857.920788  	96.067013 
1859.357695  	96.179469 
1860.794602  	96.106344 
1862.231509  	96.041832 
1863.668416  	96.071790 
1865.105323  	96.055845 
1866.542231  	96.144388 
1867.979138  	96.102430 
1869.416045  	95.940445 
1870.852952  	96.084303 
1872.289859  	96.187027 
1873.726766  	96.210328 
1875.163673  	96.192919 
1876.600580  	96.102049 
1878.037487  	96.117390 
1879.474394  	96.076940 
1880.911301  	95.973306 
1882.348208  	96.016489 
1883.785115  	96.027675 
1885.222022  	96.100364 
1886.658929  	96.242057 
1888.095836  	96.203715 
1889.532743  	96.141136 
1890.969650  	96.061067 
1892.406557  	96.033704 
1893.843464  	96.119597 
1895.280371  	96.137273 
1896.717278  	96.118196 
1898.154185  	96.160854 
1899.591092  	96.109145 
1901.027999  	96.119671 
1902.464906  	96.147914 
1903.901813  	96.138746 
1905.338720  	96.187109 
1906.775627  	96.184902 
1908.212534  	96.156654 
1909.649441  	96.152741 
1911.086348  	96.142694 
1912.523255  	96.153076 
1913.960162  	96.148530 
1915.397069  	96.135550 
1916.833977  	96.163032 
1918.270884  	96.069087 
1919.707791  	96.043865 
1921.144698  	96.118847 
1922.581605  	96.121810 
1924.018512  	96.174087 
1925.455419  	96.212217 
1926.892326  	96.121314 
1928.329233  	96.149168 
1929.766140  	96.161962 
1931.203047  	96.142445 
1932.639954  	96.183938 
1934.076861  	96.077525 
1935.513768  	96.149826 
1936.950675  	96.205357 
1938.387582  	96.095490 
1939.824489  	96.213733 
1941.261396  	96.130856 
1942.698303  	95.960757 
1944.135210  	96.136488 
1945.572117  	96.090401 
1947.009024  	96.098652 
1948.445931  	96.120097 
1949.882838  	95.901569 
1951.319745  	95.958918 
1952.756652  	96.007015 
1954.193559  	95.969255 
1955.630466  	96.013243 
1957.067373  	95.902826 
1958.504280  	95.910243 
1959.941187  	96.031685 
1961.378094  	95.894107 
1962.815001  	95.972333 
1964.251908  	96.107733 
1965.688816  	95.970234 
1967.125723  	95.986462 
1968.562630  	95.913052 
1969.999537  	95.779019 
1971.436444  	96.059105 
1972.873351  	96.043060 
1974.310258  	96.086079 
1975.747165  	96.303336 
1977.184072  	96.018842 
1978.620979  	95.693448 
1980.057886  	95.565028 
1981.494793  	95.549839 
1982.931700  	95.695139 
1984.368607  	95.698469 
1985.805514  	95.680985 
1987.242421  	95.659199 
1988.679328  	95.664019 
1990.116235  	95.805312 
1991.553142  	95.638714 
1992.990049  	95.413669 
1994.426956  	95.560501 
1995.863863  	95.630351 
1997.300770  	95.627417 
1998.737677  	95.613378 
2000.174584  	95.498688 
2001.611491  	95.585701 
2003.048398  	95.597740 
2004.485305  	95.485259 
2005.922212  	95.428927 
2007.359119  	95.297679 
2008.796026  	95.473304 
2010.232933  	95.535421 
2011.669840  	95.164002 
2013.106747  	95.089972 
2014.543654  	94.973465 
2015.980562  	94.803931 
2017.417469  	95.099331 
2018.854376  	95.182522 
2020.291283  	95.174956 
2021.728190  	95.289187 
2023.165097  	95.239010 
2024.602004  	95.390539 
2026.038911  	95.422331 
2027.475818  	95.406470 
2028.912725  	95.594697 
2030.349632  	95.345528 
2031.786539  	95.318419 
2033.223446  	95.498355 
2034.660353  	95.018379 
2036.097260  	94.797953 
2037.534167  	94.939271 
2038.971074  	94.998131 
2040.407981  	95.292472 
2041.844888  	95.288334 
2043.281795  	95.072895 
2044.718702  	95.007127 
2046.155609  	94.850123 
2047.592516  	94.868823 
2049.029423  	94.708791 
2050.466330  	94.369737 
2051.903237  	94.689541 
2053.340144  	95.023465 
2054.777051  	94.867465 
2056.213958  	94.802610 
2057.650865  	94.806414 
2059.087772  	94.746123 
2060.524679  	94.723142 
2061.961586  	94.697171 
2063.398493  	94.717970 
2064.835401  	94.677804 
2066.272308  	94.591503 
2067.709215  	94.517526 
2069.146122  	94.395315 
2070.583029  	94.446619 
2072.019936  	94.534203 
2073.456843  	94.458816 
2074.893750  	94.486915 
2076.330657  	94.456925 
2077.767564  	94.315266 
2079.204471  	94.370896 
2080.641378  	94.480141 
2082.078285  	94.480850 
2083.515192  	94.361656 
2084.952099  	94.255284 
2086.389006  	94.357237 
2087.825913  	94.373374 
2089.262820  	94.263059 
2090.699727  	94.348864 
2092.136634  	94.452613 
2093.573541  	94.448833 
2095.010448  	94.404158 
2096.447355  	94.358670 
2097.884262  	94.423132 
2099.321169  	94.341818 
2100.758076  	94.116872 
2102.194983  	94.104438 
2103.631890  	94.191748 
2105.068797  	94.274649 
2106.505704  	94.320410 
2107.942611  	94.250283 
2109.379518  	94.267318 
2110.816425  	94.255168 
2112.253332  	94.149649 
2113.690239  	94.193161 
2115.127147  	94.201192 
2116.564054  	94.158056 
2118.000961  	94.206891 
2119.437868  	94.169375 
2120.874775  	94.153762 
2122.311682  	94.208601 
2123.748589  	94.213317 
2125.185496  	94.296410 
2126.622403  	94.321952 
2128.059310  	94.245854 
2129.496217  	94.254516 
2130.933124  	94.259182 
2132.370031  	94.277403 
2133.806938  	94.243796 
2135.243845  	94.128392 
2136.680752  	94.207672 
2138.117659  	94.255430 
2139.554566  	94.219702 
2140.991473  	94.314746 
2142.428380  	94.288117 
2143.865287  	94.342964 
2145.302194  	94.410758 
2146.739101  	94.066687 
2148.176008  	93.981264 
2149.612915  	94.368867 
2151.049822  	94.514029 
2152.486729  	94.326598 
2153.923636  	94.158756 
2155.360543  	94.442170 
2156.797450  	94.844923 
2158.234357  	94.711077 
2159.671264  	94.319109 
2161.108171  	93.816950 
2162.545078  	93.855368 
2163.981985  	94.558055 
2165.418893  	94.607358 
2166.855800  	94.263280 
2168.292707  	94.297959 
2169.729614  	94.324869 
2171.166521  	94.424181 
2172.603428  	94.555748 
2174.040335  	94.587228 
2175.477242  	94.760303 
2176.914149  	94.736409 
2178.351056  	94.671217 
2179.787963  	94.825976 
2181.224870  	94.832169 
2182.661777  	94.811374 
2184.098684  	94.694506 
2185.535591  	94.453983 
2186.972498  	94.436770 
2188.409405  	94.366450 
2189.846312  	94.315430 
2191.283219  	94.532414 
2192.720126  	94.594410 
2194.157033  	94.587086 
2195.593940  	94.604078 
2197.030847  	94.467569 
2198.467754  	94.458800 
2199.904661  	94.624066 
2201.341568  	94.793772 
2202.778475  	94.823386 
2204.215382  	94.701928 
2205.652289  	94.795714 
2207.089196  	94.910667 
2208.526103  	94.797035 
2209.963010  	94.750667 
2211.399917  	94.659235 
2212.836824  	94.610488 
2214.273732  	94.771019 
2215.710639  	94.807357 
2217.147546  	94.837353 
2218.584453  	94.857928 
2220.021360  	94.699863 
2221.458267  	94.730992 
2222.895174  	94.848904 
2224.332081  	94.889271 
2225.768988  	95.038962 
2227.205895  	95.072227 
2228.642802  	95.054122 
2230.079709  	95.127075 
2231.516616  	95.141919 
2232.953523  	95.215104 
2234.390430  	95.195536 
2235.827337  	95.073795 
2237.264244  	95.190373 
2238.701151  	95.303760 
2240.138058  	95.291692 
2241.574965  	95.328999 
2243.011872  	95.318175 
2244.448779  	95.331010 
2245.885686  	95.350189 
2247.322593  	95.285030 
2248.759500  	95.312394 
2250.196407  	95.384209 
2251.633314  	95.418039 
2253.070221  	95.401228 
2254.507128  	95.298732 
2255.944035  	95.256416 
2257.380942  	95.276029 
2258.817849  	95.305800 
2260.254756  	95.378828 
2261.691663  	95.398943 
2263.128570  	95.464189 
2264.565478  	95.578468 
2266.002385  	95.543975 
2267.439292  	95.549506 
2268.876199  	95.665351 
2270.313106  	95.665673 
2271.750013  	95.577706 
2273.186920  	95.525877 
2274.623827  	95.562913 
2276.060734  	95.618150 
2277.497641  	95.642359 
2278.934548  	95.715867 
2280.371455  	95.698474 
2281.808362  	95.556530 
2283.245269  	95.530888 
2284.682176  	95.594510 
2286.119083  	95.608733 
2287.555990  	95.549706 
2288.992897  	95.464414 
2290.429804  	95.470463 
2291.866711  	95.521388 
2293.303618  	95.571722 
2294.740525  	95.655562 
2296.177432  	95.653875 
2297.614339  	95.586736 
2299.051246  	95.563216 
2300.488153  	95.560511 
2301.925060  	95.586392 
2303.361967  	95.571389 
2304.798874  	95.496067 
2306.235781  	95.500003 
2307.672688  	95.514147 
2309.109595  	95.479295 
2310.546502  	95.468701 
2311.983409  	95.447052 
2313.420317  	95.484971 
2314.857224  	95.551832 
2316.294131  	95.518626 
2317.731038  	95.504220 
2319.167945  	95.510637 
2320.604852  	95.452798 
2322.041759  	95.379518 
2323.478666  	95.281624 
2324.915573  	95.290082 
2326.352480  	95.459399 
2327.789387  	95.614592 
2329.226294  	95.745041 
2330.663201  	95.826373 
2332.100108  	95.789922 
2333.537015  	95.765048 
2334.973922  	95.784111 
2336.410829  	95.813400 
2337.847736  	95.846475 
2339.284643  	95.855312 
2340.721550  	95.860663 
2342.158457  	95.832914 
2343.595364  	95.796678 
2345.032271  	95.796040 
2346.469178  	95.773790 
2347.906085  	95.789234 
2349.342992  	95.835837 
2350.779899  	95.848865 
2352.216806  	95.885651 
2353.653713  	95.921473 
2355.090620  	95.886794 
2356.527527  	95.904061 
2357.964434  	95.991952 
2359.401341  	96.044995 
2360.838248  	96.098261 
2362.275155  	96.099790 
2363.712063  	96.127365 
2365.148970  	96.212695 
2366.585877  	96.268524 
2368.022784  	96.311775 
2369.459691  	96.378858 
2370.896598  	96.426373 
2372.333505  	96.463497 
2373.770412  	96.450349 
2375.207319  	96.452493 
2376.644226  	96.478186 
2378.081133  	96.481250 
2379.518040  	96.490482 
2380.954947  	96.537251 
2382.391854  	96.574619 
2383.828761  	96.593916 
2385.265668  	96.626609 
2386.702575  	96.670207 
2388.139482  	96.677856 
2389.576389  	96.653483 
2391.013296  	96.623414 
2392.450203  	96.585765 
2393.887110  	96.577845 
2395.324017  	96.589611 
2396.760924  	96.581407 
2398.197831  	96.604293 
2399.634738  	96.606848 
2401.071645  	96.542079 
2402.508552  	96.521524 
2403.945459  	96.531479 
2405.382366  	96.531063 
2406.819273  	96.556672 
2408.256180  	96.556739 
2409.693087  	96.559746 
2411.129994  	96.607697 
2412.566901  	96.637093 
2414.003809  	96.658350 
2415.440716  	96.666377 
2416.877623  	96.649950 
2418.314530  	96.653987 
2419.751437  	96.669229 
2421.188344  	96.705401 
2422.625251  	96.742388 
2424.062158  	96.758392 
2425.499065  	96.799737 
2426.935972  	96.790114 
2428.372879  	96.735248 
2429.809786  	96.727826 
2431.246693  	96.687626 
2432.683600  	96.670985 
2434.120507  	96.740522 
2435.557414  	96.762726 
2436.994321  	96.784541 
2438.431228  	96.820224 
2439.868135  	96.794618 
2441.305042  	96.814830 
2442.741949  	96.851747 
2444.178856  	96.843762 
2445.615763  	96.864263 
2447.052670  	96.848887 
2448.489577  	96.798967 
2449.926484  	96.793847 
2451.363391  	96.794759 
2452.800298  	96.817164 
2454.237205  	96.849457 
2455.674112  	96.840621 
2457.111019  	96.849766 
2458.547926  	96.878733 
2459.984833  	96.877550 
2461.421740  	96.870839 
2462.858648  	96.877072 
2464.295555  	96.866350 
2465.732462  	96.852475 
2467.169369  	96.896085 
2468.606276  	96.934992 
2470.043183  	96.920718 
2471.480090  	96.947491 
2472.916997  	96.960260 
2474.353904  	96.916548 
2475.790811  	96.942806 
2477.227718  	96.994705 
2478.664625  	96.994933 
2480.101532  	96.964449 
2481.538439  	96.914185 
2482.975346  	96.937100 
2484.412253  	96.996426 
2485.849160  	96.991276 
2487.286067  	97.005691 
2488.722974  	97.031725 
2490.159881  	97.037730 
2491.596788  	97.056169 
2493.033695  	97.036440 
2494.470602  	97.036860 
2495.907509  	97.063799 
2497.344416  	97.043897 
2498.781323  	97.066815 
2500.218230  	97.092369 
2501.655137  	97.068633 
2503.092044  	97.077514 
2504.528951  	97.056668 
2505.965858  	97.054642 
2507.402765  	97.109486 
2508.839672  	97.063168 
2510.276579  	97.024885 
2511.713486  	97.084021 
2513.150394  	97.089070 
2514.587301  	97.056056 
2516.024208  	97.038158 
2517.461115  	97.050770 
2518.898022  	97.095013 
2520.334929  	97.093530 
2521.771836  	97.090759 
2523.208743  	97.095841 
2524.645650  	97.077237 
2526.082557  	97.124601 
2527.519464  	97.155439 
2528.956371  	97.120795 
2530.393278  	97.138105 
2531.830185  	97.142551 
2533.267092  	97.120897 
2534.703999  	97.140491 
2536.140906  	97.146509 
2537.577813  	97.153149 
2539.014720  	97.156598 
2540.451627  	97.150967 
2541.888534  	97.195284 
2543.325441  	97.209943 
2544.762348  	97.170274 
2546.199255  	97.154586 
2547.636162  	97.150306 
2549.073069  	97.143406 
2550.509976  	97.118651 
2551.946883  	97.113023 
2553.383790  	97.163507 
2554.820697  	97.175814 
2556.257604  	97.169987 
2557.694511  	97.190886 
2559.131418  	97.169801 
2560.568325  	97.142759 
2562.005232  	97.129571 
2563.442140  	97.143135 
2564.879047  	97.210806 
2566.315954  	97.215009 
2567.752861  	97.195070 
2569.189768  	97.228073 
2570.626675  	97.194834 
2572.063582  	97.166600 
2573.500489  	97.210058 
2574.937396  	97.219754 
2576.374303  	97.238264 
2577.811210  	97.261360 
2579.248117  	97.247021 
2580.685024  	97.255168 
2582.121931  	97.243483 
2583.558838  	97.217742 
2584.995745  	97.226585 
2586.432652  	97.217203 
2587.869559  	97.219977 
2589.306466  	97.251366 
2590.743373  	97.262878 
2592.180280  	97.274531 
2593.617187  	97.282326 
2595.054094  	97.283698 
2596.491001  	97.279039 
2597.927908  	97.256742 
2599.364815  	97.268807 
2600.801722  	97.288257 
2602.238629  	97.260848 
2603.675536  	97.241202 
2605.112443  	97.238754 
2606.549350  	97.234648 
2607.986257  	97.236859 
2609.423164  	97.239466 
2610.860071  	97.256502 
2612.296979  	97.269880 
2613.733886  	97.274184 
2615.170793  	97.295276 
2616.607700  	97.295622 
2618.044607  	97.275792 
2619.481514  	97.257318 
2620.918421  	97.225660 
2622.355328  	97.221533 
2623.792235  	97.246088 
2625.229142  	97.260749 
2626.666049  	97.269051 
2628.102956  	97.255377 
2629.539863  	97.249339 
2630.976770  	97.267614 
2632.413677  	97.253254 
2633.850584  	97.239316 
2635.287491  	97.249812 
2636.724398  	97.236510 
2638.161305  	97.231191 
2639.598212  	97.249698 
2641.035119  	97.250104 
2642.472026  	97.241148 
2643.908933  	97.246063 
2645.345840  	97.255204 
2646.782747  	97.245982 
2648.219654  	97.236880 
2649.656561  	97.242968 
2651.093468  	97.224102 
2652.530375  	97.200698 
2653.967282  	97.203103 
2655.404189  	97.190942 
2656.841096  	97.178598 
2658.278003  	97.189494 
2659.714910  	97.203762 
2661.151817  	97.220431 
2662.588725  	97.215469 
2664.025632  	97.200002 
2665.462539  	97.211594 
2666.899446  	97.209145 
2668.336353  	97.189237 
2669.773260  	97.188923 
2671.210167  	97.187557 
2672.647074  	97.175694 
2674.083981  	97.155104 
2675.520888  	97.135428 
2676.957795  	97.136173 
2678.394702  	97.138968 
2679.831609  	97.146483 
2681.268516  	97.150727 
2682.705423  	97.121855 
2684.142330  	97.108138 
2685.579237  	97.119675 
2687.016144  	97.109156 
2688.453051  	97.100377 
2689.889958  	97.103767 
2691.326865  	97.103943 
2692.763772  	97.112768 
2694.200679  	97.119294 
2695.637586  	97.110538 
2697.074493  	97.080366 
2698.511400  	97.044298 
2699.948307  	97.037337 
2701.385214  	97.039815 
2702.822121  	97.041229 
2704.259028  	97.048900 
2705.695935  	97.027176 
2707.132842  	96.999834 
2708.569749  	97.006678 
2710.006656  	97.015665 
2711.443564  	97.017231 
2712.880471  	97.015505 
2714.317378  	97.004648 
2715.754285  	96.994307 
2717.191192  	96.980241 
2718.628099  	96.971516 
2720.065006  	96.972838 
2721.501913  	96.965714 
2722.938820  	96.958975 
2724.375727  	96.951140 
2725.812634  	96.937624 
2727.249541  	96.932111 
2728.686448  	96.919133 
2730.123355  	96.901277 
2731.560262  	96.894317 
2732.997169  	96.884404 
2734.434076  	96.874430 
2735.870983  	96.863826 
2737.307890  	96.852108 
2738.744797  	96.850972 
2740.181704  	96.845555 
2741.618611  	96.846589 
2743.055518  	96.855574 
2744.492425  	96.830200 
2745.929332  	96.793631 
2747.366239  	96.775171 
2748.803146  	96.760497 
2750.240053  	96.768457 
2751.676960  	96.783057 
2753.113867  	96.762080 
2754.550774  	96.733194 
2755.987681  	96.731174 
2757.424588  	96.738384 
2758.861495  	96.719820 
2760.298402  	96.690149 
2761.735310  	96.682010 
2763.172217  	96.665362 
2764.609124  	96.643365 
2766.046031  	96.653432 
2767.482938  	96.649097 
2768.919845  	96.610806 
2770.356752  	96.586195 
2771.793659  	96.578478 
2773.230566  	96.569984 
2774.667473  	96.542065 
2776.104380  	96.497619 
2777.541287  	96.482341 
2778.978194  	96.489619 
2780.415101  	96.481404 
2781.852008  	96.468077 
2783.288915  	96.457478 
2784.725822  	96.439729 
2786.162729  	96.415796 
2787.599636  	96.394920 
2789.036543  	96.376366 
2790.473450  	96.346334 
2791.910357  	96.328821 
2793.347264  	96.344316 
2794.784171  	96.337528 
2796.221078  	96.286142 
2797.657985  	96.247441 
2799.094892  	96.238899 
2800.531799  	96.225942 
2801.968706  	96.199920 
2803.405613  	96.181022 
2804.842520  	96.169010 
2806.279427  	96.143275 
2807.716334  	96.112037 
2809.153241  	96.092055 
2810.590148  	96.067888 
2812.027056  	96.040702 
2813.463963  	96.031528 
2814.900870  	96.017924 
2816.337777  	95.983369 
2817.774684  	95.961342 
2819.211591  	95.947084 
2820.648498  	95.910997 
2822.085405  	95.875772 
2823.522312  	95.849456 
2824.959219  	95.815337 
2826.396126  	95.785456 
2827.833033  	95.759435 
2829.269940  	95.732673 
2830.706847  	95.703289 
2832.143754  	95.655628 
2833.580661  	95.619953 
2835.017568  	95.612334 
2836.454475  	95.587890 
2837.891382  	95.550849 
2839.328289  	95.526110 
2840.765196  	95.502183 
2842.202103  	95.474561 
2843.639010  	95.446678 
2845.075917  	95.436430 
2846.512824  	95.425774 
2847.949731  	95.373569 
2849.386638  	95.319577 
2850.823545  	95.269841 
2852.260452  	95.195336 
2853.697359  	95.149864 
2855.134266  	95.121019 
2856.571173  	95.076259 
2858.008080  	95.066292 
2859.444987  	95.052330 
2860.881895  	94.994125 
2862.318802  	94.937978 
2863.755709  	94.884565 
2865.192616  	94.840449 
2866.629523  	94.798881 
2868.066430  	94.737619 
2869.503337  	94.709629 
2870.940244  	94.694088 
2872.377151  	94.645482 
2873.814058  	94.608677 
2875.250965  	94.551693 
2876.687872  	94.468859 
2878.124779  	94.435690 
2879.561686  	94.409957 
2880.998593  	94.352953 
2882.435500  	94.293262 
2883.872407  	94.227873 
2885.309314  	94.178048 
2886.746221  	94.135629 
2888.183128  	94.074584 
2889.620035  	94.030761 
2891.056942  	93.992728 
2892.493849  	93.937038 
2893.930756  	93.887151 
2895.367663  	93.830026 
2896.804570  	93.759521 
2898.241477  	93.696527 
2899.678384  	93.646267 
2901.115291  	93.598526 
2902.552198  	93.529519 
2903.989105  	93.457609 
2905.426012  	93.403063 
2906.862919  	93.337338 
2908.299826  	93.267436 
2909.736733  	93.208652 
2911.173641  	93.157289 
2912.610548  	93.111049 
2914.047455  	93.041797 
2915.484362  	92.970751 
2916.921269  	92.908702 
2918.358176  	92.801000 
2919.795083  	92.693502 
2921.231990  	92.622531 
2922.668897  	92.538009 
2924.105804  	92.462842 
2925.542711  	92.380384 
2926.979618  	92.259667 
2928.416525  	92.167488 
2929.853432  	92.087639 
2931.290339  	91.988943 
2932.727246  	91.912149 
2934.164153  	91.843186 
2935.601060  	91.784501 
2937.037967  	91.731676 
2938.474874  	91.635347 
2939.911781  	91.534992 
2941.348688  	91.470438 
2942.785595  	91.403587 
2944.222502  	91.306457 
2945.659409  	91.193945 
2947.096316  	91.106737 
2948.533223  	91.017403 
2949.970130  	90.890146 
2951.407037  	90.782600 
2952.843944  	90.695255 
2954.280851  	90.595044 
2955.717758  	90.507306 
2957.154665  	90.419358 
2958.591572  	90.326811 
2960.028479  	90.229794 
2961.465387  	90.099740 
2962.902294  	89.972285 
2964.339201  	89.864729 
2965.776108  	89.761803 
2967.213015  	89.672892 
2968.649922  	89.561120 
2970.086829  	89.436588 
2971.523736  	89.340899 
2972.960643  	89.223118 
2974.397550  	89.073006 
2975.834457  	88.941765 
2977.271364  	88.840743 
2978.708271  	88.744188 
2980.145178  	88.611707 
2981.582085  	88.463548 
2983.018992  	88.331177 
2984.455899  	88.206907 
2985.892806  	88.104161 
2987.329713  	87.983910 
2988.766620  	87.832627 
2990.203527  	87.717565 
2991.640434  	87.597562 
2993.077341  	87.434773 
2994.514248  	87.286813 
2995.951155  	87.158400 
2997.388062  	87.034045 
2998.824969  	86.888804 
3000.261876  	86.718882 
3001.698783  	86.563409 
3003.135690  	86.399177 
3004.572597  	86.251589 
3006.009504  	86.147442 
3007.446411  	85.995082 
3008.883318  	85.807860 
3010.320226  	85.638209 
3011.757133  	85.467942 
3013.194040  	85.311622 
3014.630947  	85.128167 
3016.067854  	84.929578 
3017.504761  	84.774372 
3018.941668  	84.590750 
3020.378575  	84.402965 
3021.815482  	84.249872 
3023.252389  	84.056391 
3024.689296  	83.876190 
3026.126203  	83.718171 
3027.563110  	83.526984 
3029.000017  	83.360485 
3030.436924  	83.185330 
3031.873831  	82.979674 
3033.310738  	82.788710 
3034.747645  	82.564800 
3036.184552  	82.338184 
3037.621459  	82.142824 
3039.058366  	81.938800 
3040.495273  	81.737387 
3041.932180  	81.512375 
3043.369087  	81.286409 
3044.805994  	81.099684 
3046.242901  	80.890228 
3047.679808  	80.669469 
3049.116715  	80.435163 
3050.553622  	80.193543 
3051.990529  	80.015414 
3053.427436  	79.795729 
3054.864343  	79.525960 
3056.301250  	79.320296 
3057.738157  	79.089889 
3059.175064  	78.843961 
3060.611972  	78.633610 
3062.048879  	78.368222 
3063.485786  	78.098788 
3064.922693  	77.865637 
3066.359600  	77.630313 
3067.796507  	77.399965 
3069.233414  	77.138643 
3070.670321  	76.886582 
3072.107228  	76.650611 
3073.544135  	76.367998 
3074.981042  	76.113900 
3076.417949  	75.881008 
3077.854856  	75.609991 
3079.291763  	75.330893 
3080.728670  	75.045452 
3082.165577  	74.808198 
3083.602484  	74.570748 
3085.039391  	74.264139 
3086.476298  	74.001266 
3087.913205  	73.724598 
3089.350112  	73.406574 
3090.787019  	73.151220 
3092.223926  	72.858416 
3093.660833  	72.580326 
3095.097740  	72.367396 
3096.534647  	72.046786 
3097.971554  	71.706837 
3099.408461  	71.412167 
3100.845368  	71.101530 
3102.282275  	70.843008 
3103.719182  	70.565630 
3105.156089  	70.258791 
3106.592996  	69.950006 
3108.029903  	69.584655 
3109.466811  	69.315243 
3110.903718  	69.092610 
3112.340625  	68.769917 
3113.777532  	68.477095 
3115.214439  	68.171174 
3116.651346  	67.851892 
3118.088253  	67.594567 
3119.525160  	67.273164 
3120.962067  	66.969456 
3122.398974  	66.686844 
3123.835881  	66.325408 
3125.272788  	66.031055 
3126.709695  	65.749282 
3128.146602  	65.450078 
3129.583509  	65.182972 
3131.020416  	64.831304 
3132.457323  	64.544756 
3133.894230  	64.299244 
3135.331137  	63.926848 
3136.768044  	63.643811 
3138.204951  	63.358718 
3139.641858  	62.988012 
3141.078765  	62.723045 
3142.515672  	62.406763 
3143.952579  	62.083164 
3145.389486  	61.847914 
3146.826393  	61.522495 
3148.263300  	61.229983 
3149.700207  	60.950357 
3151.137114  	60.619152 
3152.574021  	60.376154 
3154.010928  	60.059404 
3155.447835  	59.755064 
3156.884742  	59.571835 
3158.321649  	59.264197 
3159.758557  	58.986125 
3161.195464  	58.766117 
3162.632371  	58.438550 
3164.069278  	58.168383 
3165.506185  	57.885096 
3166.943092  	57.588247 
3168.379999  	57.381476 
3169.816906  	57.098999 
3171.253813  	56.829197 
3172.690720  	56.579602 
3174.127627  	56.295886 
3175.564534  	56.124361 
3177.001441  	55.884382 
3178.438348  	55.623529 
3179.875255  	55.470812 
3181.312162  	55.170209 
3182.749069  	54.895318 
3184.185976  	54.717545 
3185.622883  	54.457071 
3187.059790  	54.286291 
3188.496697  	54.089557 
3189.933604  	53.838438 
3191.370511  	53.687856 
3192.807418  	53.448170 
3194.244325  	53.237568 
3195.681232  	53.073832 
3197.118139  	52.813407 
3198.555046  	52.686448 
3199.991953  	52.518042 
3201.428860  	52.268133 
3202.865767  	52.187323 
3204.302674  	52.007665 
3205.739581  	51.789524 
3207.176488  	51.665563 
3208.613395  	51.476376 
3210.050303  	51.401517 
3211.487210  	51.291761 
3212.924117  	51.069788 
3214.361024  	50.990047 
3215.797931  	50.832865 
3217.234838  	50.676344 
3218.671745  	50.617132 
3220.108652  	50.429724 
3221.545559  	50.358142 
3222.982466  	50.299814 
3224.419373  	50.117698 
3225.856280  	50.095579 
3227.293187  	49.989092 
3228.730094  	49.847038 
3230.167001  	49.856789 
3231.603908  	49.697517 
3233.040815  	49.573693 
3234.477722  	49.548196 
3235.914629  	49.429863 
3237.351536  	49.447581 
3238.788443  	49.418234 
3240.225350  	49.311126 
3241.662257  	49.327368 
3243.099164  	49.224670 
3244.536071  	49.154376 
3245.972978  	49.167026 
3247.409885  	49.040372 
3248.846792  	49.014438 
3250.283699  	49.021219 
3251.720606  	48.977075 
3253.157513  	49.019952 
3254.594420  	48.978119 
3256.031327  	48.934973 
3257.468234  	48.920141 
3258.905142  	48.856793 
3260.342049  	48.914609 
3261.778956  	48.896317 
3263.215863  	48.828367 
3264.652770  	48.872759 
3266.089677  	48.789951 
3267.526584  	48.781806 
3268.963491  	48.842850 
3270.400398  	48.730768 
3271.837305  	48.739129 
3273.274212  	48.742405 
3274.711119  	48.679061 
3276.148026  	48.787497 
3277.584933  	48.778916 
3279.021840  	48.753723 
3280.458747  	48.815835 
3281.895654  	48.726358 
3283.332561  	48.742534 
3284.769468  	48.771201 
3286.206375  	48.666092 
3287.643282  	48.702931 
3289.080189  	48.713957 
3290.517096  	48.727799 
3291.954003  	48.821024 
3293.390910  	48.769522 
3294.827817  	48.771993 
3296.264724  	48.768918 
3297.701631  	48.683404 
3299.138538  	48.749114 
3300.575445  	48.727149 
3302.012352  	48.688605 
3303.449259  	48.776147 
3304.886166  	48.712660 
3306.323073  	48.699989 
3307.759980  	48.757880 
3309.196888  	48.744595 
3310.633795  	48.815445 
3312.070702  	48.762939 
3313.507609  	48.703026 
3314.944516  	48.802370 
3316.381423  	48.789085 
3317.818330  	48.847941 
3319.255237  	48.893959 
3320.692144  	48.769228 
3322.129051  	48.827935 
3323.565958  	48.856383 
3325.002865  	48.795823 
3326.439772  	48.871268 
3327.876679  	48.837706 
3329.313586  	48.852813 
3330.750493  	48.933406 
3332.187400  	48.876209 
3333.624307  	48.943169 
3335.061214  	48.977695 
3336.498121  	48.942268 
3337.935028  	49.036230 
3339.371935  	48.990929 
3340.808842  	48.981448 
3342.245749  	49.067983 
3343.682656  	49.023965 
3345.119563  	49.113928 
3346.556470  	49.168387 
3347.993377  	49.115678 
3349.430284  	49.227754 
3350.867191  	49.218445 
3352.304098  	49.222389 
3353.741005  	49.377479 
3355.177912  	49.353234 
3356.614819  	49.387441 
3358.051726  	49.498800 
3359.488634  	49.521719 
3360.925541  	49.611531 
3362.362448  	49.624100 
3363.799355  	49.690855 
3365.236262  	49.863788 
3366.673169  	49.858532 
3368.110076  	49.919892 
3369.546983  	50.028819 
3370.983890  	50.056642 
3372.420797  	50.200157 
3373.857704  	50.267230 
3375.294611  	50.329204 
3376.731518  	50.490159 
3378.168425  	50.525131 
3379.605332  	50.633016 
3381.042239  	50.763236 
3382.479146  	50.834030 
3383.916053  	51.043473 
3385.352960  	51.135170 
3386.789867  	51.222752 
3388.226774  	51.445508 
3389.663681  	51.482019 
3391.100588  	51.568373 
3392.537495  	51.736445 
3393.974402  	51.822626 
3395.411309  	52.024750 
3396.848216  	52.133328 
3398.285123  	52.230720 
3399.722030  	52.492918 
3401.158937  	52.615664 
3402.595844  	52.773767 
3404.032751  	52.961310 
3405.469658  	53.039890 
3406.906565  	53.287720 
3408.343473  	53.469952 
3409.780380  	53.572873 
3411.217287  	53.818131 
3412.654194  	53.940347 
3414.091101  	54.110933 
3415.528008  	54.350967 
3416.964915  	54.451028 
3418.401822  	54.690750 
3419.838729  	54.922599 
3421.275636  	55.070345 
3422.712543  	55.321119 
3424.149450  	55.451440 
3425.586357  	55.645092 
3427.023264  	55.916638 
3428.460171  	56.031972 
3429.897078  	56.276433 
3431.333985  	56.507927 
3432.770892  	56.646109 
3434.207799  	56.940203 
3435.644706  	57.117628 
3437.081613  	57.274897 
3438.518520  	57.543530 
3439.955427  	57.679178 
3441.392334  	57.886770 
3442.829241  	58.144411 
3444.266148  	58.337408 
3445.703055  	58.595084 
3447.139962  	58.770265 
3448.576869  	58.998180 
3450.013776  	59.266607 
3451.450683  	59.387984 
3452.887590  	59.642860 
3454.324497  	59.882308 
3455.761404  	60.035549 
3457.198311  	60.364139 
3458.635219  	60.556111 
3460.072126  	60.690503 
3461.509033  	60.965467 
3462.945940  	61.139130 
3464.382847  	61.397709 
3465.819754  	61.652298 
3467.256661  	61.767948 
3468.693568  	62.039208 
3470.130475  	62.267734 
3471.567382  	62.462973 
3473.004289  	62.775845 
3474.441196  	62.950969 
3475.878103  	63.152579 
3477.315010  	63.400817 
3478.751917  	63.567579 
3480.188824  	63.838904 
3481.625731  	64.019729 
3483.062638  	64.168527 
3484.499545  	64.468878 
3485.936452  	64.648642 
3487.373359  	64.892941 
3488.810266  	65.225117 
3490.247173  	65.416883 
3491.684080  	65.691165 
3493.120987  	65.923460 
3494.557894  	66.051915 
3495.994801  	66.271128 
3497.431708  	66.440383 
3498.868615  	66.652437 
3500.305522  	66.884746 
3501.742429  	66.999558 
3503.179336  	67.257062 
3504.616243  	67.554426 
3506.053150  	67.773520 
3507.490058  	68.035160 
3508.926965  	68.217684 
3510.363872  	68.462135 
3511.800779  	68.733916 
3513.237686  	68.879674 
3514.674593  	69.159704 
3516.111500  	69.433661 
3517.548407  	69.602919 
3518.985314  	69.851469 
3520.422221  	70.014652 
3521.859128  	70.195337 
3523.296035  	70.477123 
3524.732942  	70.661436 
3526.169849  	70.891193 
3527.606756  	71.137827 
3529.043663  	71.398100 
3530.480570  	71.759012 
3531.917477  	71.945229 
3533.354384  	72.071033 
3534.791291  	72.293018 
3536.228198  	72.494545 
3537.665105  	72.777361 
3539.102012  	72.984273 
3540.538919  	73.093137 
3541.975826  	73.344833 
3543.412733  	73.564709 
3544.849640  	73.762328 
3546.286547  	74.020281 
3547.723454  	74.175411 
3549.160361  	74.405993 
3550.597268  	74.677037 
3552.034175  	74.935786 
3553.471082  	75.264986 
3554.907989  	75.422722 
3556.344896  	75.584778 
3557.781804  	75.901710 
3559.218711  	76.089009 
3560.655618  	76.241029 
3562.092525  	76.430770 
3563.529432  	76.586909 
3564.966339  	76.834676 
3566.403246  	77.041557 
3567.840153  	77.222169 
3569.277060  	77.522912 
3570.713967  	77.733282 
3572.150874  	77.976610 
3573.587781  	78.222588 
3575.024688  	78.408337 
3576.461595  	78.665641 
3577.898502  	78.854292 
3579.335409  	79.028272 
3580.772316  	79.284008 
3582.209223  	79.454311 
3583.646130  	79.677090 
3585.083037  	79.896951 
3586.519944  	79.970050 
3587.956851  	80.171118 
3589.393758  	80.420731 
3590.830665  	80.584544 
3592.267572  	80.803100 
3593.704479  	80.968955 
3595.141386  	81.172499 
3596.578293  	81.417947 
3598.015200  	81.586359 
3599.452107  	81.810134 
3600.889014  	81.979147 
3602.325921  	82.145500 
3603.762828  	82.438791 
3605.199735  	82.618233 
3606.636642  	82.722723 
3608.073550  	82.827150 
3609.510457  	82.931166 
3610.947364  	83.217388 
3612.384271  	83.469163 
3613.821178  	83.682034 
3615.258085  	83.943400 
3616.694992  	84.044468 
3618.131899  	84.234548 
3619.568806  	84.544822 
3621.005713  	84.624421 
3622.442620  	84.813095 
3623.879527  	85.084452 
3625.316434  	85.304111 
3626.753341  	85.584767 
3628.190248  	85.734250 
3629.627155  	85.656594 
3631.064062  	85.909101 
3632.500969  	86.217887 
3633.937876  	86.599626 
3635.374783  	86.935591 
3636.811690  	87.093179 
3638.248597  	87.260562 
3639.685504  	87.391480 
3641.122411  	87.558608 
3642.559318  	87.795426 
3643.996225  	88.007722 
3645.433132  	88.308998 
3646.870039  	88.587327 
3648.306946  	88.677257 
3649.743853  	88.826958 
3651.180760  	88.971094 
3652.617667  	89.340476 
3654.054574  	89.792408 
3655.491481  	90.058345 
3656.928389  	90.179784 
3658.365296  	90.332330 
3659.802203  	90.564344 
3661.239110  	90.886537 
3662.676017  	91.127917 
3664.112924  	91.348810 
3665.549831  	91.577200 
3666.986738  	91.734377 
3668.423645  	91.865111 
3669.860552  	92.013350 
3671.297459  	92.225582 
3672.734366  	92.564274 
3674.171273  	92.802043 
3675.608180  	92.870980 
3677.045087  	93.053806 
3678.481994  	93.314207 
3679.918901  	93.478012 
3681.355808  	93.658650 
3682.792715  	93.870150 
3684.229622  	94.028591 
3685.666529  	94.148662 
3687.103436  	94.364717 
3688.540343  	94.579272 
3689.977250  	94.656062 
3691.414157  	94.807374 
3692.851064  	94.953203 
3694.287971  	95.085345 
3695.724878  	95.273221 
3697.161785  	95.444830 
3698.598692  	95.580809 
3700.035599  	95.640728 
3701.472506  	95.600472 
3702.909413  	95.623190 
3704.346320  	95.758807 
3705.783227  	95.834109 
3707.220135  	95.889854 
3708.657042  	95.960115 
3710.093949  	96.037632 
3711.530856  	96.095288 
3712.967763  	96.024694 
3714.404670  	96.010954 
3715.841577  	96.102165 
3717.278484  	96.192456 
3718.715391  	96.228821 
3720.152298  	96.260797 
3721.589205  	96.284351 
3723.026112  	96.237790 
3724.463019  	96.212488 
3725.899926  	96.299843 
3727.336833  	96.339137 
3728.773740  	96.346056 
3730.210647  	96.460151 
3731.647554  	96.482438 
3733.084461  	96.357165 
3734.521368  	96.439207 
3735.958275  	96.453403 
3737.395182  	96.324114 
3738.832089  	96.452878 
3740.268996  	96.547886 
3741.705903  	96.613804 
3743.142810  	96.805446 
3744.579717  	96.845908 
3746.016624  	96.545172 
3747.453531  	96.652257 
3748.890438  	96.826982 
3750.327345  	96.896373 
3751.764252  	96.932700 
3753.201159  	96.854045 
3754.638066  	96.809159 
3756.074973  	96.942782 
3757.511881  	97.067958 
3758.948788  	97.038589 
3760.385695  	96.969461 
3761.822602  	96.933024 
3763.259509  	96.988432 
3764.696416  	97.099056 
3766.133323  	97.108984 
3767.570230  	97.146504 
3769.007137  	97.216105 
3770.444044  	97.107139 
3771.880951  	96.998906 
3773.317858  	97.068953 
3774.754765  	97.136802 
3776.191672  	97.157036 
3777.628579  	97.183228 
3779.065486  	97.173954 
3780.502393  	97.051467 
3781.939300  	96.991257 
3783.376207  	97.051563 
3784.813114  	97.072880 
3786.250021  	97.055099 
3787.686928  	97.050937 
3789.123835  	96.973199 
3790.560742  	96.943268 
3791.997649  	97.054926 
3793.434556  	97.102848 
3794.871463  	97.068691 
3796.308370  	96.994994 
3797.745277  	96.908624 
3799.182184  	97.021225 
3800.619091  	97.151527 
3802.055998  	96.996325 
3803.492905  	96.897489 
3804.929812  	97.071919 
3806.366720  	97.178708 
3807.803627  	97.066876 
3809.240534  	97.029491 
3810.677441  	97.118083 
3812.114348  	97.126620 
3813.551255  	97.166281 
3814.988162  	97.292947 
3816.425069  	97.239746 
3817.861976  	97.077687 
3819.298883  	97.181218 
3820.735790  	97.263045 
3822.172697  	97.125974 
3823.609604  	97.125376 
3825.046511  	97.185737 
3826.483418  	97.160057 
3827.920325  	97.108397 
3829.357232  	97.217374 
3830.794139  	97.319033 
3832.231046  	97.256713 
3833.667953  	97.163485 
3835.104860  	97.183139 
3836.541767  	97.222919 
3837.978674  	97.263054 
3839.415581  	97.213109 
3840.852488  	97.168445 
3842.289395  	97.199871 
3843.726302  	97.210280 
3845.163209  	97.195548 
3846.600116  	97.243424 
3848.037023  	97.274191 
3849.473930  	97.284666 
3850.910837  	97.312160 
3852.347744  	97.358730 
3853.784651  	97.232217 
3855.221558  	97.069919 
3856.658466  	97.147720 
3858.095373  	97.228120 
3859.532280  	97.320705 
3860.969187  	97.377350 
3862.406094  	97.314330 
3863.843001  	97.256369 
3865.279908  	97.209824 
3866.716815  	97.135693 
3868.153722  	97.298483 
3869.590629  	97.510569 
3871.027536  	97.354974 
3872.464443  	97.261906 
3873.901350  	97.283745 
3875.338257  	97.214729 
3876.775164  	97.275236 
3878.212071  	97.372518 
3879.648978  	97.362654 
3881.085885  	97.259922 
3882.522792  	97.194111 
3883.959699  	97.276618 
3885.396606  	97.369264 
3886.833513  	97.295244 
3888.270420  	97.312406 
3889.707327  	97.370815 
3891.144234  	97.276753 
3892.581141  	97.184873 
3894.018048  	97.243047 
3895.454955  	97.289365 
3896.891862  	97.314820 
3898.328769  	97.326082 
3899.765676  	97.339922 
3901.202583  	97.316699 
3902.639490  	97.287030 
3904.076397  	97.288658 
3905.513305  	97.252026 
3906.950212  	97.265368 
3908.387119  	97.334197 
3909.824026  	97.340868 
3911.260933  	97.306305 
3912.697840  	97.257258 
3914.134747  	97.283888 
3915.571654  	97.369773 
3917.008561  	97.373106 
3918.445468  	97.336070 
3919.882375  	97.340232 
3921.319282  	97.308880 
3922.756189  	97.332135 
3924.193096  	97.323025 
3925.630003  	97.210787 
3927.066910  	97.261397 
3928.503817  	97.327506 
3929.940724  	97.244504 
3931.377631  	97.218276 
3932.814538  	97.259893 
3934.251445  	97.261243 
3935.688352  	97.269641 
3937.125259  	97.279938 
3938.562166  	97.319626 
3939.999073  	97.371163 
3941.435980  	97.337208 
3942.872887  	97.196046 
3944.309794  	97.094345 
3945.746701  	97.194678 
3947.183608  	97.337418 
3948.620515  	97.331862 
3950.057422  	97.271774 
3951.494329  	97.251628 
3952.931236  	97.225484 
3954.368143  	97.220742 
3955.805051  	97.251671 
3957.241958  	97.296293 
3958.678865  	97.336835 
3960.115772  	97.298425 
3961.552679  	97.259302 
3962.989586  	97.242690 
3964.426493  	97.248071 
3965.863400  	97.289539 
3967.300307  	97.300315 
3968.737214  	97.272930 
3970.174121  	97.255682 
3971.611028  	97.259216 
3973.047935  	97.273670 
3974.484842  	97.240734 
3975.921749  	97.205953 
3977.358656  	97.252886 
3978.795563  	97.300617 
3980.232470  	97.304333 
3981.669377  	97.288358 
3983.106284  	97.285874 
3984.543191  	97.329986 
3985.980098  	97.318542 
3987.417005  	97.243156 
3988.853912  	97.230693 
3990.290819  	97.242605 
3991.727726  	97.246660 
3993.164633  	97.265773 
3994.601540  	97.259688 
3996.038447  	97.258454 
3997.475354  	97.266431 
3998.912261  	97.259504 
4000.349168  	97.273790 