399.460154  	44.730790 
400.897061  	44.870128 
402.333968  	44.516506 
403.770875  	43.097961 
405.207782  	43.308244 
406.644689  	44.099788 
408.081596  	44.445785 
409.518503  	44.722049 
410.955410  	44.118166 
412.392317  	44.026232 
413.829224  	44.004690 
415.266131  	43.231234 
416.703038  	43.048046 
418.139945  	42.434848 
419.576852  	42.163661 
421.013759  	43.171740 
422.450666  	43.659676 
423.887574  	43.975304 
425.324481  	43.305005 
426.761388  	42.570705 
428.198295  	42.932012 
429.635202  	42.505299 
431.072109  	41.873660 
432.509016  	42.487313 
433.945923  	42.269896 
435.382830  	41.855887 
436.819737  	42.315045 
438.256644  	42.435331 
439.693551  	42.440340 
441.130458  	42.442990 
442.567365  	42.459303 
444.004272  	42.426691 
445.441179  	41.939381 
446.878086  	42.180731 
448.314993  	42.515963 
449.751900  	41.965199 
451.188807  	42.041471 
452.625714  	42.321209 
454.062621  	41.950962 
455.499528  	41.707910 
456.936435  	41.328521 
458.373342  	41.685026 
459.810249  	42.400722 
461.247156  	42.000737 
462.684063  	41.790374 
464.120970  	41.893125 
465.557877  	41.683540 
466.994784  	41.836304 
468.431691  	41.749237 
469.868598  	41.295178 
471.305505  	41.333569 
472.742413  	41.491756 
474.179320  	41.521130 
475.616227  	41.377092 
477.053134  	41.301110 
478.490041  	41.558657 
479.926948  	41.313513 
481.363855  	40.996751 
482.800762  	41.325607 
484.237669  	41.401378 
485.674576  	41.226529 
487.111483  	41.370535 
488.548390  	41.477006 
489.985297  	41.431652 
491.422204  	41.451836 
492.859111  	41.671020 
494.296018  	41.821217 
495.732925  	41.621591 
497.169832  	41.275812 
498.606739  	41.031515 
500.043646  	40.950581 
501.480553  	40.890770 
502.917460  	40.893142 
504.354367  	41.260167 
505.791274  	41.517282 
507.228181  	41.511916 
508.665088  	41.615118 
510.101995  	41.458772 
511.538902  	41.284585 
512.975809  	41.364886 
514.412716  	41.114786 
515.849623  	41.078371 
517.286530  	41.454390 
518.723437  	41.470504 
520.160344  	41.532732 
521.597251  	41.550216 
523.034159  	41.329648 
524.471066  	41.427096 
525.907973  	41.420000 
527.344880  	41.192991 
528.781787  	41.315227 
530.218694  	41.426807 
531.655601  	41.481514 
533.092508  	41.548199 
534.529415  	41.456107 
535.966322  	41.443404 
537.403229  	41.489489 
538.840136  	41.493834 
540.277043  	41.533828 
541.713950  	41.531343 
543.150857  	41.620844 
544.587764  	41.722780 
546.024671  	41.731095 
547.461578  	41.766979 
548.898485  	41.666574 
550.335392  	41.653730 
551.772299  	41.859749 
553.209206  	41.847845 
554.646113  	41.826874 
556.083020  	41.979134 
557.519927  	42.006121 
558.956834  	41.939144 
560.393741  	41.860266 
561.830648  	41.923766 
563.267555  	42.089317 
564.704462  	42.099204 
566.141369  	42.117747 
567.578276  	42.096092 
569.015183  	42.014978 
570.452090  	42.209930 
571.888997  	42.376545 
573.325905  	42.392379 
574.762812  	42.498998 
576.199719  	42.505006 
577.636626  	42.537220 
579.073533  	42.676184 
580.510440  	42.670882 
581.947347  	42.686829 
583.384254  	42.767105 
584.821161  	42.875166 
586.258068  	43.063563 
587.694975  	43.051727 
589.131882  	42.972865 
590.568789  	43.117163 
592.005696  	43.255088 
593.442603  	43.287570 
594.879510  	43.310179 
596.316417  	43.397312 
597.753324  	43.533352 
599.190231  	43.580923 
600.627138  	43.654032 
602.064045  	43.724071 
603.500952  	43.705300 
604.937859  	43.863006 
606.374766  	44.031674 
607.811673  	44.027973 
609.248580  	44.133151 
610.685487  	44.264548 
612.122394  	44.342832 
613.559301  	44.451375 
614.996208  	44.477537 
616.433115  	44.555382 
617.870022  	44.695180 
619.306929  	44.712266 
620.743836  	44.790483 
622.180744  	44.959593 
623.617651  	45.097965 
625.054558  	45.251025 
626.491465  	45.411915 
627.928372  	45.548098 
629.365279  	45.632860 
630.802186  	45.635108 
632.239093  	45.753551 
633.676000  	45.875360 
635.112907  	45.969451 
636.549814  	46.079434 
637.986721  	46.189011 
639.423628  	46.295110 
640.860535  	46.398842 
642.297442  	46.487894 
643.734349  	46.662173 
645.171256  	46.846097 
646.608163  	46.965722 
648.045070  	47.068124 
649.481977  	47.165333 
650.918884  	47.304314 
652.355791  	47.453492 
653.792698  	47.543108 
655.229605  	47.673955 
656.666512  	47.840062 
658.103419  	48.017420 
659.540326  	48.200243 
660.977233  	48.306571 
662.414140  	48.435385 
663.851047  	48.616308 
665.287954  	48.607480 
666.724861  	48.645210 
668.161768  	48.934764 
669.598675  	49.239452 
671.035582  	49.316783 
672.472490  	49.425244 
673.909397  	49.581289 
675.346304  	49.721083 
676.783211  	49.884750 
678.220118  	50.053308 
679.657025  	50.189290 
681.093932  	50.351432 
682.530839  	50.540768 
683.967746  	50.698241 
685.404653  	50.853714 
686.841560  	50.996394 
688.278467  	51.128617 
689.715374  	51.320811 
691.152281  	51.528784 
692.589188  	51.734014 
694.026095  	51.895466 
695.463002  	51.999718 
696.899909  	52.176642 
698.336816  	52.369285 
699.773723  	52.522077 
701.210630  	52.720408 
702.647537  	52.889537 
704.084444  	53.011206 
705.521351  	53.146831 
706.958258  	53.292434 
708.395165  	53.506674 
709.832072  	53.733165 
711.268979  	53.907392 
712.705886  	54.082719 
714.142793  	54.227482 
715.579700  	54.391006 
717.016607  	54.593069 
718.453514  	54.781812 
719.890421  	55.015763 
721.327328  	55.242123 
722.764236  	55.393252 
724.201143  	55.572153 
725.638050  	55.740784 
727.074957  	55.912223 
728.511864  	56.191296 
729.948771  	56.413075 
731.385678  	56.593672 
732.822585  	56.767233 
734.259492  	56.946749 
735.696399  	57.114618 
737.133306  	57.283761 
738.570213  	57.437469 
740.007120  	57.672896 
741.444027  	57.860533 
742.880934  	58.014060 
744.317841  	58.259493 
745.754748  	58.500676 
747.191655  	58.720921 
748.628562  	58.917240 
750.065469  	59.058912 
751.502376  	59.258393 
752.939283  	59.522824 
754.376190  	59.782405 
755.813097  	59.986672 
757.250004  	60.130252 
758.686911  	60.345832 
760.123818  	60.612005 
761.560725  	60.820356 
762.997632  	61.003408 
764.434539  	61.164325 
765.871446  	61.385380 
767.308353  	61.680765 
768.745260  	61.888681 
770.182167  	62.085925 
771.619075  	62.343509 
773.055982  	62.557368 
774.492889  	62.761146 
775.929796  	62.963412 
777.366703  	63.163531 
778.803610  	63.395732 
780.240517  	63.607731 
781.677424  	63.849404 
783.114331  	64.104443 
784.551238  	64.282938 
785.988145  	64.499108 
787.425052  	64.740751 
788.861959  	64.929369 
790.298866  	65.168436 
791.735773  	65.419975 
793.172680  	65.617174 
794.609587  	65.832964 
796.046494  	66.073479 
797.483401  	66.315605 
798.920308  	66.551563 
800.357215  	66.804216 
801.794122  	67.072891 
803.231029  	67.276605 
804.667936  	67.456504 
806.104843  	67.671186 
807.541750  	67.881696 
808.978657  	68.128208 
810.415564  	68.388113 
811.852471  	68.599818 
813.289378  	68.813591 
814.726285  	69.009409 
816.163192  	69.206949 
817.600099  	69.500472 
819.037006  	69.792741 
820.473913  	70.008353 
821.910821  	70.250718 
823.347728  	70.505360 
824.784635  	70.689646 
826.221542  	70.909928 
827.658449  	71.227710 
829.095356  	71.487702 
830.532263  	71.667074 
831.969170  	71.884770 
833.406077  	72.107276 
834.842984  	72.321749 
836.279891  	72.583363 
837.716798  	72.836183 
839.153705  	73.074735 
840.590612  	73.331050 
842.027519  	73.546225 
843.464426  	73.743187 
844.901333  	73.994404 
846.338240  	74.255737 
847.775147  	74.491113 
849.212054  	74.730416 
850.648961  	74.959718 
852.085868  	75.177172 
853.522775  	75.423880 
854.959682  	75.660308 
856.396589  	75.868194 
857.833496  	76.126801 
859.270403  	76.404277 
860.707310  	76.611206 
862.144217  	76.781026 
863.581124  	76.982076 
865.018031  	77.224239 
866.454938  	77.453696 
867.891845  	77.653349 
869.328752  	77.880540 
870.765660  	78.124092 
872.202567  	78.351313 
873.639474  	78.565275 
875.076381  	78.755175 
876.513288  	78.959396 
877.950195  	79.180123 
879.387102  	79.385097 
880.824009  	79.613326 
882.260916  	79.837810 
883.697823  	80.028258 
885.134730  	80.229795 
886.571637  	80.430665 
888.008544  	80.627940 
889.445451  	80.813284 
890.882358  	80.982856 
892.319265  	81.195160 
893.756172  	81.392086 
895.193079  	81.544549 
896.629986  	81.733911 
898.066893  	81.914877 
899.503800  	82.073450 
900.940707  	82.246116 
902.377614  	82.407331 
903.814521  	82.598473 
905.251428  	82.791303 
906.688335  	82.955015 
908.125242  	83.162219 
909.562149  	83.335642 
910.999056  	83.447586 
912.435963  	83.596605 
913.872870  	83.752192 
915.309777  	83.918495 
916.746684  	84.101003 
918.183591  	84.243545 
919.620498  	84.396725 
921.057406  	84.555046 
922.494313  	84.680131 
923.931220  	84.815008 
925.368127  	84.946937 
926.805034  	85.078615 
928.241941  	85.216055 
929.678848  	85.321973 
931.115755  	85.412249 
932.552662  	85.493628 
933.989569  	85.586660 
935.426476  	85.703953 
936.863383  	85.801692 
938.300290  	85.907397 
939.737197  	86.016949 
941.174104  	86.092951 
942.611011  	86.165547 
944.047918  	86.214817 
945.484825  	86.282847 
946.921732  	86.406096 
948.358639  	86.503059 
949.795546  	86.635970 
951.232453  	86.815397 
952.669360  	86.939020 
954.106267  	87.086465 
955.543174  	87.234524 
956.980081  	87.313899 
958.416988  	87.431669 
959.853895  	87.540557 
961.290802  	87.588732 
962.727709  	87.667404 
964.164616  	87.759104 
965.601523  	87.849985 
967.038430  	87.949189 
968.475337  	88.027952 
969.912244  	88.105006 
971.349152  	88.158918 
972.786059  	88.186949 
974.222966  	88.250368 
975.659873  	88.356931 
977.096780  	88.458712 
978.533687  	88.501310 
979.970594  	88.544505 
981.407501  	88.636027 
982.844408  	88.679215 
984.281315  	88.709600 
985.718222  	88.794072 
987.155129  	88.868227 
988.592036  	88.932259 
990.028943  	88.966748 
991.465850  	88.996358 
992.902757  	89.099932 
994.339664  	89.171164 
995.776571  	89.199387 
997.213478  	89.253749 
998.650385  	89.257942 
1000.087292  	89.291583 
1001.524199  	89.387644 
1002.961106  	89.395407 
1004.398013  	89.383532 
1005.834920  	89.436186 
1007.271827  	89.486577 
1008.708734  	89.526926 
1010.145641  	89.563950 
1011.582548  	89.607300 
1013.019455  	89.638151 
1014.456362  	89.648182 
1015.893269  	89.699065 
1017.330176  	89.743660 
1018.767083  	89.764532 
1020.203991  	89.821093 
1021.640898  	89.840441 
1023.077805  	89.836672 
1024.514712  	89.880466 
1025.951619  	89.911385 
1027.388526  	89.936182 
1028.825433  	89.965730 
1030.262340  	89.968764 
1031.699247  	89.984843 
1033.136154  	90.013580 
1034.573061  	90.045335 
1036.009968  	90.075743 
1037.446875  	90.080371 
1038.883782  	90.096940 
1040.320689  	90.123194 
1041.757596  	90.143278 
1043.194503  	90.173649 
1044.631410  	90.176358 
1046.068317  	90.178772 
1047.505224  	90.205199 
1048.942131  	90.219205 
1050.379038  	90.256538 
1051.815945  	90.295028 
1053.252852  	90.309971 
1054.689759  	90.341354 
1056.126666  	90.348840 
1057.563573  	90.354478 
1059.000480  	90.376682 
1060.437387  	90.365822 
1061.874294  	90.382023 
1063.311201  	90.411474 
1064.748108  	90.422445 
1066.185015  	90.472233 
1067.621922  	90.500637 
1069.058829  	90.516299 
1070.495737  	90.540295 
1071.932644  	90.499429 
1073.369551  	90.500834 
1074.806458  	90.538194 
1076.243365  	90.488892 
1077.680272  	90.469116 
1079.117179  	90.505826 
1080.554086  	90.530334 
1081.990993  	90.553316 
1083.427900  	90.545349 
1084.864807  	90.552827 
1086.301714  	90.561426 
1087.738621  	90.525355 
1089.175528  	90.545504 
1090.612435  	90.562018 
1092.049342  	90.532600 
1093.486249  	90.558411 
1094.923156  	90.561503 
1096.360063  	90.543150 
1097.796970  	90.558214 
1099.233877  	90.520229 
1100.670784  	90.488246 
1102.107691  	90.502481 
1103.544598  	90.509995 
1104.981505  	90.544544 
1106.418412  	90.572994 
1107.855319  	90.595999 
1109.292226  	90.636546 
1110.729133  	90.631302 
1112.166040  	90.623389 
1113.602947  	90.617752 
1115.039854  	90.584848 
1116.476761  	90.596483 
1117.913668  	90.614415 
1119.350575  	90.616831 
1120.787483  	90.634736 
1122.224390  	90.611583 
1123.661297  	90.590281 
1125.098204  	90.587670 
1126.535111  	90.559719 
1127.972018  	90.568484 
1129.408925  	90.594989 
1130.845832  	90.620162 
1132.282739  	90.669618 
1133.719646  	90.677324 
1135.156553  	90.683666 
1136.593460  	90.711288 
1138.030367  	90.694332 
1139.467274  	90.697842 
1140.904181  	90.714725 
1142.341088  	90.695784 
1143.777995  	90.695186 
1145.214902  	90.697681 
1146.651809  	90.711208 
1148.088716  	90.734285 
1149.525623  	90.703949 
1150.962530  	90.693053 
1152.399437  	90.715419 
1153.836344  	90.691083 
1155.273251  	90.669974 
1156.710158  	90.677812 
1158.147065  	90.676137 
1159.583972  	90.653872 
1161.020879  	90.616154 
1162.457786  	90.597177 
1163.894693  	90.587602 
1165.331600  	90.582688 
1166.768507  	90.605017 
1168.205414  	90.618908 
1169.642322  	90.639617 
1171.079229  	90.676595 
1172.516136  	90.681707 
1173.953043  	90.684980 
1175.389950  	90.686574 
1176.826857  	90.678675 
1178.263764  	90.696787 
1179.700671  	90.692930 
1181.137578  	90.679382 
1182.574485  	90.698847 
1184.011392  	90.702815 
1185.448299  	90.704070 
1186.885206  	90.692102 
1188.322113  	90.651982 
1189.759020  	90.660723 
1191.195927  	90.683511 
1192.632834  	90.675149 
1194.069741  	90.671812 
1195.506648  	90.656644 
1196.943555  	90.656460 
1198.380462  	90.673189 
1199.817369  	90.653179 
1201.254276  	90.637887 
1202.691183  	90.631009 
1204.128090  	90.614032 
1205.564997  	90.619346 
1207.001904  	90.612568 
1208.438811  	90.592381 
1209.875718  	90.590969 
1211.312625  	90.586240 
1212.749532  	90.592658 
1214.186439  	90.612908 
1215.623346  	90.617215 
1217.060253  	90.602957 
1218.497160  	90.586000 
1219.934068  	90.598079 
1221.370975  	90.605575 
1222.807882  	90.588237 
1224.244789  	90.597245 
1225.681696  	90.591051 
1227.118603  	90.563544 
1228.555510  	90.574728 
1229.992417  	90.575771 
1231.429324  	90.568915 
1232.866231  	90.581601 
1234.303138  	90.568857 
1235.740045  	90.565549 
1237.176952  	90.573512 
1238.613859  	90.549242 
1240.050766  	90.528913 
1241.487673  	90.511017 
1242.924580  	90.494748 
1244.361487  	90.497480 
1245.798394  	90.484154 
1247.235301  	90.468506 
1248.672208  	90.458273 
1250.109115  	90.430752 
1251.546022  	90.415754 
1252.982929  	90.414255 
1254.419836  	90.408123 
1255.856743  	90.397529 
1257.293650  	90.384136 
1258.730557  	90.386871 
1260.167464  	90.388581 
1261.604371  	90.386554 
1263.041278  	90.392134 
1264.478185  	90.369746 
1265.915092  	90.358198 
1267.351999  	90.376695 
1268.788907  	90.364751 
1270.225814  	90.347927 
1271.662721  	90.330100 
1273.099628  	90.296747 
1274.536535  	90.286472 
1275.973442  	90.263358 
1277.410349  	90.235353 
1278.847256  	90.237598 
1280.284163  	90.224955 
1281.721070  	90.227799 
1283.157977  	90.249214 
1284.594884  	90.241572 
1286.031791  	90.247366 
1287.468698  	90.254046 
1288.905605  	90.250244 
1290.342512  	90.271334 
1291.779419  	90.277707 
1293.216326  	90.278887 
1294.653233  	90.281822 
1296.090140  	90.262157 
1297.527047  	90.273536 
1298.963954  	90.301383 
1300.400861  	90.317636 
1301.837768  	90.320081 
1303.274675  	90.328992 
1304.711582  	90.332416 
1306.148489  	90.348216 
1307.585396  	90.345844 
1309.022303  	90.355703 
1310.459210  	90.365922 
1311.896117  	90.360686 
1313.333024  	90.371182 
1314.769931  	90.365920 
1316.206838  	90.364106 
1317.643745  	90.378486 
1319.080653  	90.379566 
1320.517560  	90.383971 
1321.954467  	90.405746 
1323.391374  	90.415636 
1324.828281  	90.414528 
1326.265188  	90.405688 
1327.702095  	90.404697 
1329.139002  	90.418432 
1330.575909  	90.399564 
1332.012816  	90.387781 
1333.449723  	90.393353 
1334.886630  	90.368630 
1336.323537  	90.338642 
1337.760444  	90.300638 
1339.197351  	90.250315 
1340.634258  	90.252176 
1342.071165  	90.260143 
1343.508072  	90.254579 
1344.944979  	90.246345 
1346.381886  	90.218276 
1347.818793  	90.211187 
1349.255700  	90.190205 
1350.692607  	90.156130 
1352.129514  	90.142766 
1353.566421  	90.126740 
1355.003328  	90.112183 
1356.440235  	90.096076 
1357.877142  	90.048499 
1359.314049  	90.021140 
1360.750956  	89.994985 
1362.187863  	89.937561 
1363.624770  	89.907582 
1365.061677  	89.893490 
1366.498584  	89.863529 
1367.935491  	89.798061 
1369.372399  	89.719010 
1370.809306  	89.661572 
1372.246213  	89.591982 
1373.683120  	89.501724 
1375.120027  	89.456347 
1376.556934  	89.429329 
1377.993841  	89.377950 
1379.430748  	89.331745 
1380.867655  	89.274242 
1382.304562  	89.238438 
1383.741469  	89.217112 
1385.178376  	89.162955 
1386.615283  	89.122521 
1388.052190  	89.118291 
1389.489097  	89.114356 
1390.926004  	89.129382 
1392.362911  	89.144538 
1393.799818  	89.145765 
1395.236725  	89.171407 
1396.673632  	89.216799 
1398.110539  	89.252212 
1399.547446  	89.283423 
1400.984353  	89.319271 
1402.421260  	89.365404 
1403.858167  	89.396484 
1405.295074  	89.419617 
1406.731981  	89.461853 
1408.168888  	89.488930 
1409.605795  	89.528437 
1411.042702  	89.569216 
1412.479609  	89.579595 
1413.916516  	89.615540 
1415.353423  	89.652709 
1416.790330  	89.668370 
1418.227238  	89.708320 
1419.664145  	89.766697 
1421.101052  	89.804979 
1422.537959  	89.837720 
1423.974866  	89.839154 
1425.411773  	89.873759 
1426.848680  	89.908412 
1428.285587  	89.902951 
1429.722494  	89.904197 
1431.159401  	89.914222 
1432.596308  	89.934366 
1434.033215  	89.940911 
1435.470122  	89.944560 
1436.907029  	89.972040 
1438.343936  	89.974150 
1439.780843  	89.962343 
1441.217750  	89.973870 
1442.654657  	89.974686 
1444.091564  	89.988380 
1445.528471  	90.002079 
1446.965378  	89.984089 
1448.402285  	89.959222 
1449.839192  	89.946651 
1451.276099  	89.946604 
1452.713006  	89.958100 
1454.149913  	89.931953 
1455.586820  	89.893337 
1457.023727  	89.886425 
1458.460634  	89.894782 
1459.897541  	89.915326 
1461.334448  	89.910432 
1462.771355  	89.894875 
1464.208262  	89.904809 
1465.645169  	89.886817 
1467.082076  	89.861798 
1468.518984  	89.843300 
1469.955891  	89.817002 
1471.392798  	89.801052 
1472.829705  	89.809562 
1474.266612  	89.806538 
1475.703519  	89.811002 
1477.140426  	89.804528 
1478.577333  	89.802625 
1480.014240  	89.799083 
1481.451147  	89.750997 
1482.888054  	89.741831 
1484.324961  	89.719168 
1485.761868  	89.663828 
1487.198775  	89.647550 
1488.635682  	89.596906 
1490.072589  	89.525493 
1491.509496  	89.532402 
1492.946403  	89.531773 
1494.383310  	89.521975 
1495.820217  	89.484045 
1497.257124  	89.404784 
1498.694031  	89.383527 
1500.130938  	89.360234 
1501.567845  	89.330948 
1503.004752  	89.294567 
1504.441659  	89.226687 
1505.878566  	89.186227 
1507.315473  	89.144335 
1508.752380  	89.047783 
1510.189287  	89.028163 
1511.626194  	88.990057 
1513.063101  	88.944935 
1514.500008  	88.910631 
1515.936915  	88.821525 
1517.373822  	88.739036 
1518.810730  	88.718153 
1520.247637  	88.663034 
1521.684544  	88.649096 
1523.121451  	88.563404 
1524.558358  	88.475166 
1525.995265  	88.449086 
1527.432172  	88.380363 
1528.869079  	88.320499 
1530.305986  	88.262728 
1531.742893  	88.121149 
1533.179800  	88.001197 
1534.616707  	87.902983 
1536.053614  	87.785902 
1537.490521  	87.693818 
1538.927428  	87.530150 
1540.364335  	87.400370 
1541.801242  	87.373351 
1543.238149  	87.197093 
1544.675056  	87.077789 
1546.111963  	86.977456 
1547.548870  	86.828461 
1548.985777  	86.686538 
1550.422684  	86.484937 
1551.859591  	86.308857 
1553.296498  	86.182933 
1554.733405  	86.002568 
1556.170312  	85.888026 
1557.607219  	85.810102 
1559.044126  	85.624014 
1560.481033  	85.521463 
1561.917940  	85.307746 
1563.354847  	85.146995 
1564.791754  	85.056246 
1566.228661  	84.812655 
1567.665569  	84.631473 
1569.102476  	84.527398 
1570.539383  	84.355151 
1571.976290  	84.255825 
1573.413197  	84.095932 
1574.850104  	83.952990 
1576.287011  	83.889718 
1577.723918  	83.682032 
1579.160825  	83.489498 
1580.597732  	83.360536 
1582.034639  	83.185643 
1583.471546  	83.039916 
1584.908453  	82.858387 
1586.345360  	82.627075 
1587.782267  	82.445600 
1589.219174  	82.199850 
1590.656081  	81.964474 
1592.092988  	81.755623 
1593.529895  	81.480150 
1594.966802  	81.242933 
1596.403709  	80.996582 
1597.840616  	80.695661 
1599.277523  	80.433821 
1600.714430  	80.059584 
1602.151337  	79.673583 
1603.588244  	79.330872 
1605.025151  	78.925927 
1606.462058  	78.541051 
1607.898965  	78.142439 
1609.335872  	77.677090 
1610.772779  	77.282577 
1612.209686  	76.865833 
1613.646593  	76.408180 
1615.083500  	75.986760 
1616.520407  	75.496188 
1617.957315  	75.166237 
1619.394222  	74.760360 
1620.831129  	74.165732 
1622.268036  	73.814543 
1623.704943  	73.580330 
1625.141850  	73.159928 
1626.578757  	72.826167 
1628.015664  	72.461220 
1629.452571  	72.240431 
1630.889478  	72.090848 
1632.326385  	71.779681 
1633.763292  	71.596091 
1635.200199  	71.587594 
1636.637106  	71.738351 
1638.074013  	71.855307 
1639.510920  	71.753140 
1640.947827  	71.802019 
1642.384734  	71.999539 
1643.821641  	72.016173 
1645.258548  	72.099744 
1646.695455  	72.390796 
1648.132362  	72.782131 
1649.569269  	73.079928 
1651.006176  	73.082323 
1652.443083  	73.112908 
1653.879990  	74.532413 
1655.316897  	74.697823 
1656.753804  	74.753004 
1658.190711  	75.108068 
1659.627618  	75.385601 
1661.064525  	75.719403 
1662.501432  	76.176865 
1663.938339  	76.672224 
1665.375246  	77.094734 
1666.812154  	77.357397 
1668.249061  	77.673539 
1669.685968  	78.302556 
1671.122875  	78.828511 
1672.559782  	79.185935 
1673.996689  	79.506752 
1675.433596  	79.932104 
1676.870503  	80.552375 
1678.307410  	80.866100 
1679.744317  	81.226518 
1681.181224  	81.690223 
1682.618131  	81.986691 
1684.055038  	82.401404 
1685.491945  	83.166238 
1686.928852  	83.415885 
1688.365759  	83.769905 
1689.802666  	84.217738 
1691.239573  	84.593377 
1692.676480  	84.973999 
1694.113387  	85.223332 
1695.550294  	85.544694 
1696.987201  	86.039268 
1698.424108  	86.241397 
1699.861015  	86.560609 
1701.297922  	87.212084 
1702.734829  	87.281348 
1704.171736  	87.521627 
1705.608643  	87.832661 
1707.045550  	88.123296 
1708.482457  	88.427417 
1709.919364  	88.667091 
1711.356271  	88.921929 
1712.793178  	89.195213 
1714.230085  	89.413810 
1715.666992  	89.713042 
1717.103900  	90.012409 
1718.540807  	90.277582 
1719.977714  	90.589572 
1721.414621  	90.791083 
1722.851528  	90.993439 
1724.288435  	91.255906 
1725.725342  	91.461361 
1727.162249  	91.687568 
1728.599156  	91.822996 
1730.036063  	91.924090 
1731.472970  	92.105059 
1732.909877  	92.236518 
1734.346784  	92.345746 
1735.783691  	92.541801 
1737.220598  	92.634823 
1738.657505  	92.750727 
1740.094412  	92.880369 
1741.531319  	92.962577 
1742.968226  	93.079084 
1744.405133  	93.154295 
1745.842040  	93.259910 
1747.278947  	93.437350 
1748.715854  	93.515419 
1750.152761  	93.631337 
1751.589668  	93.785568 
1753.026575  	93.867159 
1754.463482  	93.990243 
1755.900389  	94.056813 
1757.337296  	94.068716 
1758.774203  	94.172571 
1760.211110  	94.266144 
1761.648017  	94.349248 
1763.084924  	94.416902 
1764.521831  	94.423454 
1765.958738  	94.509245 
1767.395646  	94.574265 
1768.832553  	94.581022 
1770.269460  	94.671570 
1771.706367  	94.717269 
1773.143274  	94.723637 
1774.580181  	94.767768 
1776.017088  	94.777932 
1777.453995  	94.846234 
1778.890902  	94.913543 
1780.327809  	94.936169 
1781.764716  	95.007336 
1783.201623  	95.061925 
1784.638530  	95.086385 
1786.075437  	95.140696 
1787.512344  	95.157735 
1788.949251  	95.177257 
1790.386158  	95.240746 
1791.823065  	95.219020 
1793.259972  	95.266017 
1794.696879  	95.282380 
1796.133786  	95.310439 
1797.570693  	95.439366 
1799.007600  	95.449534 
1800.444507  	95.399804 
1801.881414  	95.401186 
1803.318321  	95.429159 
1804.755228  	95.510739 
1806.192135  	95.510259 
1807.629042  	95.504155 
1809.065949  	95.552652 
1810.502856  	95.548022 
1811.939763  	95.558662 
1813.376670  	95.619641 
1814.813577  	95.666673 
1816.250485  	95.709754 
1817.687392  	95.697011 
1819.124299  	95.680143 
1820.561206  	95.720127 
1821.998113  	95.705209 
1823.435020  	95.712786 
1824.871927  	95.723747 
1826.308834  	95.699961 
1827.745741  	95.754000 
1829.182648  	95.793002 
1830.619555  	95.738713 
1832.056462  	95.789553 
1833.493369  	95.800696 
1834.930276  	95.780259 
1836.367183  	95.796971 
1837.804090  	95.795214 
1839.240997  	95.820804 
1840.677904  	95.837683 
1842.114811  	95.812725 
1843.551718  	95.856813 
1844.988625  	95.855518 
1846.425532  	95.860265 
1847.862439  	95.915690 
1849.299346  	95.886092 
1850.736253  	95.892129 
1852.173160  	95.921929 
1853.610067  	95.911683 
1855.046974  	95.973064 
1856.483881  	95.960705 
1857.920788  	95.924314 
1859.357695  	95.961449 
1860.794602  	95.904515 
1862.231509  	95.883643 
1863.668416  	95.930635 
1865.105323  	95.917156 
1866.542231  	95.921684 
1867.979138  	95.840231 
1869.416045  	95.737990 
1870.852952  	95.864067 
1872.289859  	95.909598 
1873.726766  	95.892738 
1875.163673  	95.956730 
1876.600580  	95.986322 
1878.037487  	96.046383 
1879.474394  	96.032653 
1880.911301  	95.918358 
1882.348208  	95.873579 
1883.785115  	95.866058 
1885.222022  	95.974009 
1886.658929  	96.060254 
1888.095836  	95.960819 
1889.532743  	95.941071 
1890.969650  	95.966513 
1892.406557  	95.965640 
1893.843464  	96.003083 
1895.280371  	95.977786 
1896.717278  	95.994482 
1898.154185  	96.030535 
1899.591092  	95.933936 
1901.027999  	95.933673 
1902.464906  	95.966264 
1903.901813  	95.964786 
1905.338720  	96.021712 
1906.775627  	95.950583 
1908.212534  	95.948381 
1909.649441  	96.082041 
1911.086348  	96.061437 
1912.523255  	96.071371 
1913.960162  	96.025165 
1915.397069  	95.902515 
1916.833977  	95.954915 
1918.270884  	95.909747 
1919.707791  	95.830016 
1921.144698  	95.902581 
1922.581605  	95.957209 
1924.018512  	96.005186 
1925.455419  	96.008990 
1926.892326  	95.860863 
1928.329233  	95.894724 
1929.766140  	95.908302 
1931.203047  	95.884943 
1932.639954  	95.935504 
1934.076861  	95.936045 
1935.513768  	95.939174 
1936.950675  	95.932864 
1938.387582  	95.875259 
1939.824489  	95.891362 
1941.261396  	95.877738 
1942.698303  	95.815606 
1944.135210  	95.863831 
1945.572117  	95.837184 
1947.009024  	95.817265 
1948.445931  	95.819351 
1949.882838  	95.685451 
1951.319745  	95.756998 
1952.756652  	95.821965 
1954.193559  	95.742303 
1955.630466  	95.684142 
1957.067373  	95.535772 
1958.504280  	95.748425 
1959.941187  	95.959284 
1961.378094  	95.558962 
1962.815001  	95.516576 
1964.251908  	95.749897 
1965.688816  	95.773977 
1967.125723  	95.964581 
1968.562630  	95.822170 
1969.999537  	95.595392 
1971.436444  	95.642821 
1972.873351  	95.766389 
1974.310258  	96.130279 
1975.747165  	96.012010 
1977.184072  	95.428229 
1978.620979  	95.387471 
1980.057886  	95.389962 
1981.494793  	95.398962 
1982.931700  	95.692629 
1984.368607  	95.687544 
1985.805514  	95.536336 
1987.242421  	95.464519 
1988.679328  	95.452619 
1990.116235  	95.464810 
1991.553142  	95.197376 
1992.990049  	95.230035 
1994.426956  	95.555436 
1995.863863  	95.429353 
1997.300770  	95.418551 
1998.737677  	95.496901 
2000.174584  	95.278495 
2001.611491  	95.319374 
2003.048398  	95.351122 
2004.485305  	95.189373 
2005.922212  	95.184872 
2007.359119  	95.130108 
2008.796026  	95.255794 
2010.232933  	95.290363 
2011.669840  	94.927838 
2013.106747  	94.965841 
2014.543654  	95.132347 
2015.980562  	94.912518 
2017.417469  	94.665942 
2018.854376  	94.597332 
2020.291283  	94.905672 
2021.728190  	95.128331 
2023.165097  	94.955528 
2024.602004  	94.980629 
2026.038911  	94.766387 
2027.475818  	94.523091 
2028.912725  	94.933866 
2030.349632  	95.170284 
2031.786539  	95.114558 
2033.223446  	94.945104 
2034.660353  	94.679906 
2036.097260  	94.998324 
2037.534167  	95.149949 
2038.971074  	94.667410 
2040.407981  	94.531963 
2041.844888  	94.649777 
2043.281795  	94.670930 
2044.718702  	94.654664 
2046.155609  	94.576191 
2047.592516  	94.730318 
2049.029423  	94.790458 
2050.466330  	94.629129 
2051.903237  	94.734340 
2053.340144  	94.721159 
2054.777051  	94.484532 
2056.213958  	94.445083 
2057.650865  	94.454726 
2059.087772  	94.451317 
2060.524679  	94.483809 
2061.961586  	94.424954 
2063.398493  	94.404479 
2064.835401  	94.455839 
2066.272308  	94.439143 
2067.709215  	94.379459 
2069.146122  	94.467595 
2070.583029  	94.667416 
2072.019936  	94.589641 
2073.456843  	94.378679 
2074.893750  	94.358513 
2076.330657  	94.358176 
2077.767564  	94.416109 
2079.204471  	94.483979 
2080.641378  	94.370946 
2082.078285  	94.358856 
2083.515192  	94.420642 
2084.952099  	94.390691 
2086.389006  	94.383566 
2087.825913  	94.284520 
2089.262820  	94.238146 
2090.699727  	94.385095 
2092.136634  	94.438247 
2093.573541  	94.462711 
2095.010448  	94.498722 
2096.447355  	94.449189 
2097.884262  	94.440205 
2099.321169  	94.349934 
2100.758076  	94.299938 
2102.194983  	94.425433 
2103.631890  	94.412078 
2105.068797  	94.377173 
2106.505704  	94.383948 
2107.942611  	94.264216 
2109.379518  	94.264438 
2110.816425  	94.285486 
2112.253332  	94.178023 
2113.690239  	94.167296 
2115.127147  	94.155658 
2116.564054  	94.165740 
2118.000961  	94.293089 
2119.437868  	94.326697 
2120.874775  	94.314186 
2122.311682  	94.308930 
2123.748589  	94.319465 
2125.185496  	94.423987 
2126.622403  	94.415493 
2128.059310  	94.345399 
2129.496217  	94.353955 
2130.933124  	94.317898 
2132.370031  	94.351823 
2133.806938  	94.369625 
2135.243845  	94.331705 
2136.680752  	94.423833 
2138.117659  	94.263945 
2139.554566  	94.070636 
2140.991473  	94.216052 
2142.428380  	94.137744 
2143.865287  	94.075815 
2145.302194  	94.357653 
2146.739101  	94.389648 
2148.176008  	94.253241 
2149.612915  	94.169247 
2151.049822  	94.224377 
2152.486729  	94.425886 
2153.923636  	94.274534 
2155.360543  	94.306351 
2156.797450  	94.763291 
2158.234357  	94.482301 
2159.671264  	93.989985 
2161.108171  	94.022240 
2162.545078  	93.849452 
2163.981985  	93.812880 
2165.418893  	94.212436 
2166.855800  	94.608080 
2168.292707  	94.712635 
2169.729614  	94.506868 
2171.166521  	94.324785 
2172.603428  	94.392646 
2174.040335  	94.604740 
2175.477242  	94.573210 
2176.914149  	94.268257 
2178.351056  	94.306591 
2179.787963  	94.536176 
2181.224870  	94.518850 
2182.661777  	94.562240 
2184.098684  	94.502827 
2185.535591  	94.272250 
2186.972498  	94.244386 
2188.409405  	94.271933 
2189.846312  	94.401187 
2191.283219  	94.671342 
2192.720126  	94.669170 
2194.157033  	94.533583 
2195.593940  	94.502753 
2197.030847  	94.539101 
2198.467754  	94.615510 
2199.904661  	94.639821 
2201.341568  	94.709050 
2202.778475  	94.754294 
2204.215382  	94.634237 
2205.652289  	94.641302 
2207.089196  	94.730104 
2208.526103  	94.686495 
2209.963010  	94.618543 
2211.399917  	94.574554 
2212.836824  	94.648842 
2214.273732  	94.779148 
2215.710639  	94.824365 
2217.147546  	94.917838 
2218.584453  	94.953005 
2220.021360  	94.941487 
2221.458267  	95.021652 
2222.895174  	94.969483 
2224.332081  	94.914675 
2225.768988  	94.927111 
2227.205895  	94.781187 
2228.642802  	94.759092 
2230.079709  	94.907193 
2231.516616  	94.940395 
2232.953523  	94.964731 
2234.390430  	95.015813 
2235.827337  	95.066148 
2237.264244  	95.082855 
2238.701151  	95.006821 
2240.138058  	95.045893 
2241.574965  	95.179975 
2243.011872  	95.212015 
2244.448779  	95.167130 
2245.885686  	95.091839 
2247.322593  	95.123489 
2248.759500  	95.154731 
2250.196407  	95.064056 
2251.633314  	95.181230 
2253.070221  	95.361865 
2254.507128  	95.293013 
2255.944035  	95.242763 
2257.380942  	95.266489 
2258.817849  	95.325229 
2260.254756  	95.426079 
2261.691663  	95.389786 
2263.128570  	95.382868 
2264.565478  	95.504581 
2266.002385  	95.551826 
2267.439292  	95.555369 
2268.876199  	95.521420 
2270.313106  	95.478019 
2271.750013  	95.515501 
2273.186920  	95.566643 
2274.623827  	95.652608 
2276.060734  	95.703142 
2277.497641  	95.643219 
2278.934548  	95.632547 
2280.371455  	95.639440 
2281.808362  	95.609719 
2283.245269  	95.585079 
2284.682176  	95.536080 
2286.119083  	95.540782 
2287.555990  	95.541417 
2288.992897  	95.491477 
2290.429804  	95.568110 
2291.866711  	95.665067 
2293.303618  	95.663190 
2294.740525  	95.686572 
2296.177432  	95.702874 
2297.614339  	95.708335 
2299.051246  	95.703327 
2300.488153  	95.721826 
2301.925060  	95.755565 
2303.361967  	95.767181 
2304.798874  	95.722848 
2306.235781  	95.738370 
2307.672688  	95.739790 
2309.109595  	95.708564 
2310.546502  	95.706837 
2311.983409  	95.695419 
2313.420317  	95.727513 
2314.857224  	95.767756 
2316.294131  	95.770680 
2317.731038  	95.804159 
2319.167945  	95.779531 
2320.604852  	95.720614 
2322.041759  	95.681763 
2323.478666  	95.568635 
2324.915573  	95.576126 
2326.352480  	95.755427 
2327.789387  	95.855931 
2329.226294  	95.874863 
2330.663201  	95.903124 
2332.100108  	95.951798 
2333.537015  	96.008214 
2334.973922  	96.012678 
2336.410829  	96.000706 
2337.847736  	95.936862 
2339.284643  	95.843697 
2340.721550  	95.897795 
2342.158457  	95.966206 
2343.595364  	95.961752 
2345.032271  	95.980765 
2346.469178  	95.920749 
2347.906085  	95.899772 
2349.342992  	95.980447 
2350.779899  	95.996244 
2352.216806  	95.979391 
2353.653713  	96.011632 
2355.090620  	96.050840 
2356.527527  	96.114287 
2357.964434  	96.159556 
2359.401341  	96.179855 
2360.838248  	96.178064 
2362.275155  	96.208328 
2363.712063  	96.301856 
2365.148970  	96.342841 
2366.585877  	96.295052 
2368.022784  	96.315888 
2369.459691  	96.346515 
2370.896598  	96.371636 
2372.333505  	96.415836 
2373.770412  	96.411753 
2375.207319  	96.428841 
2376.644226  	96.471071 
2378.081133  	96.497504 
2379.518040  	96.495879 
2380.954947  	96.513100 
2382.391854  	96.547338 
2383.828761  	96.567456 
2385.265668  	96.568277 
2386.702575  	96.624788 
2388.139482  	96.650961 
2389.576389  	96.621908 
2391.013296  	96.662707 
2392.450203  	96.701432 
2393.887110  	96.712064 
2395.324017  	96.711256 
2396.760924  	96.645530 
2398.197831  	96.642786 
2399.634738  	96.673811 
2401.071645  	96.603774 
2402.508552  	96.579374 
2403.945459  	96.607376 
2405.382366  	96.592457 
2406.819273  	96.596516 
2408.256180  	96.614428 
2409.693087  	96.660036 
2411.129994  	96.693325 
2412.566901  	96.655462 
2414.003809  	96.667306 
2415.440716  	96.680464 
2416.877623  	96.648557 
2418.314530  	96.686973 
2419.751437  	96.691880 
2421.188344  	96.664446 
2422.625251  	96.715915 
2424.062158  	96.739978 
2425.499065  	96.759492 
2426.935972  	96.792719 
2428.372879  	96.757219 
2429.809786  	96.757395 
2431.246693  	96.780194 
2432.683600  	96.748625 
2434.120507  	96.757482 
2435.557414  	96.804141 
2436.994321  	96.832800 
2438.431228  	96.832329 
2439.868135  	96.804140 
2441.305042  	96.802724 
2442.741949  	96.827573 
2444.178856  	96.862303 
2445.615763  	96.889247 
2447.052670  	96.881659 
2448.489577  	96.903272 
2449.926484  	96.918636 
2451.363391  	96.874171 
2452.800298  	96.865574 
2454.237205  	96.870271 
2455.674112  	96.851173 
2457.111019  	96.863763 
2458.547926  	96.872728 
2459.984833  	96.870241 
2461.421740  	96.870569 
2462.858648  	96.871929 
2464.295555  	96.904492 
2465.732462  	96.911423 
2467.169369  	96.893648 
2468.606276  	96.906424 
2470.043183  	96.910534 
2471.480090  	96.944997 
2472.916997  	96.994863 
2474.353904  	96.977929 
2475.790811  	96.970266 
2477.227718  	96.974420 
2478.664625  	96.953989 
2480.101532  	96.958575 
2481.538439  	96.969401 
2482.975346  	97.025771 
2484.412253  	97.107748 
2485.849160  	97.087307 
2487.286067  	97.049473 
2488.722974  	97.047162 
2490.159881  	97.006859 
2491.596788  	96.988256 
2493.033695  	97.008829 
2494.470602  	97.032196 
2495.907509  	97.073560 
2497.344416  	97.098457 
2498.781323  	97.095506 
2500.218230  	97.089391 
2501.655137  	97.101848 
2503.092044  	97.131399 
2504.528951  	97.119501 
2505.965858  	97.081061 
2507.402765  	97.079620 
2508.839672  	97.123067 
2510.276579  	97.175216 
2511.713486  	97.170365 
2513.150394  	97.161773 
2514.587301  	97.192426 
2516.024208  	97.158302 
2517.461115  	97.115905 
2518.898022  	97.143261 
2520.334929  	97.173101 
2521.771836  	97.228029 
2523.208743  	97.257943 
2524.645650  	97.209643 
2526.082557  	97.218730 
2527.519464  	97.262547 
2528.956371  	97.255986 
2530.393278  	97.263991 
2531.830185  	97.271899 
2533.267092  	97.257612 
2534.703999  	97.272913 
2536.140906  	97.298879 
2537.577813  	97.277794 
2539.014720  	97.245680 
2540.451627  	97.298647 
2541.888534  	97.358148 
2543.325441  	97.309936 
2544.762348  	97.262427 
2546.199255  	97.278937 
2547.636162  	97.304447 
2549.073069  	97.309964 
2550.509976  	97.299610 
2551.946883  	97.345107 
2553.383790  	97.370751 
2554.820697  	97.294907 
2556.257604  	97.287761 
2557.694511  	97.319859 
2559.131418  	97.305476 
2560.568325  	97.369542 
2562.005232  	97.401562 
2563.442140  	97.363330 
2564.879047  	97.414903 
2566.315954  	97.431542 
2567.752861  	97.383733 
2569.189768  	97.383143 
2570.626675  	97.349707 
2572.063582  	97.315191 
2573.500489  	97.327472 
2574.937396  	97.322280 
2576.374303  	97.337611 
2577.811210  	97.379110 
2579.248117  	97.417893 
2580.685024  	97.439642 
2582.121931  	97.413915 
2583.558838  	97.409728 
2584.995745  	97.445551 
2586.432652  	97.466564 
2587.869559  	97.468892 
2589.306466  	97.439512 
2590.743373  	97.438022 
2592.180280  	97.456353 
2593.617187  	97.393506 
2595.054094  	97.357007 
2596.491001  	97.395824 
2597.927908  	97.406968 
2599.364815  	97.430565 
2600.801722  	97.456394 
2602.238629  	97.425917 
2603.675536  	97.386786 
2605.112443  	97.370704 
2606.549350  	97.412772 
2607.986257  	97.452318 
2609.423164  	97.397473 
2610.860071  	97.365121 
2612.296979  	97.403021 
2613.733886  	97.423393 
2615.170793  	97.422960 
2616.607700  	97.393888 
2618.044607  	97.366116 
2619.481514  	97.383951 
2620.918421  	97.387208 
2622.355328  	97.369912 
2623.792235  	97.361737 
2625.229142  	97.357196 
2626.666049  	97.372856 
2628.102956  	97.376777 
2629.539863  	97.354760 
2630.976770  	97.348911 
2632.413677  	97.351676 
2633.850584  	97.364611 
2635.287491  	97.384196 
2636.724398  	97.378172 
2638.161305  	97.377005 
2639.598212  	97.391930 
2641.035119  	97.386838 
2642.472026  	97.373489 
2643.908933  	97.372609 
2645.345840  	97.377498 
2646.782747  	97.382843 
2648.219654  	97.390311 
2649.656561  	97.382111 
2651.093468  	97.337626 
2652.530375  	97.303808 
2653.967282  	97.315539 
2655.404189  	97.319557 
2656.841096  	97.301280 
2658.278003  	97.302144 
2659.714910  	97.320600 
2661.151817  	97.334554 
2662.588725  	97.337375 
2664.025632  	97.331616 
2665.462539  	97.325673 
2666.899446  	97.324699 
2668.336353  	97.325959 
2669.773260  	97.328078 
2671.210167  	97.338045 
2672.647074  	97.343203 
2674.083981  	97.337156 
2675.520888  	97.349791 
2676.957795  	97.354822 
2678.394702  	97.318799 
2679.831609  	97.304469 
2681.268516  	97.319474 
2682.705423  	97.305190 
2684.142330  	97.288790 
2685.579237  	97.295496 
2687.016144  	97.289638 
2688.453051  	97.272332 
2689.889958  	97.274553 
2691.326865  	97.292102 
2692.763772  	97.288058 
2694.200679  	97.263154 
2695.637586  	97.263209 
2697.074493  	97.285527 
2698.511400  	97.278175 
2699.948307  	97.230548 
2701.385214  	97.194657 
2702.822121  	97.197302 
2704.259028  	97.200679 
2705.695935  	97.200826 
2707.132842  	97.211683 
2708.569749  	97.202785 
2710.006656  	97.190262 
2711.443564  	97.199459 
2712.880471  	97.195040 
2714.317378  	97.176592 
2715.754285  	97.166517 
2717.191192  	97.162886 
2718.628099  	97.159716 
2720.065006  	97.139824 
2721.501913  	97.112873 
2722.938820  	97.096889 
2724.375727  	97.088183 
2725.812634  	97.093231 
2727.249541  	97.083656 
2728.686448  	97.048442 
2730.123355  	97.041279 
2731.560262  	97.053875 
2732.997169  	97.052620 
2734.434076  	97.045309 
2735.870983  	97.027500 
2737.307890  	97.017781 
2738.744797  	97.019583 
2740.181704  	96.997855 
2741.618611  	96.967107 
2743.055518  	96.947637 
2744.492425  	96.939836 
2745.929332  	96.945024 
2747.366239  	96.947716 
2748.803146  	96.949447 
2750.240053  	96.935693 
2751.676960  	96.898484 
2753.113867  	96.885512 
2754.550774  	96.880281 
2755.987681  	96.855438 
2757.424588  	96.842309 
2758.861495  	96.816602 
2760.298402  	96.788753 
2761.735310  	96.803263 
2763.172217  	96.801505 
2764.609124  	96.764583 
2766.046031  	96.738217 
2767.482938  	96.720791 
2768.919845  	96.718653 
2770.356752  	96.721852 
2771.793659  	96.701822 
2773.230566  	96.682976 
2774.667473  	96.678854 
2776.104380  	96.663424 
2777.541287  	96.620657 
2778.978194  	96.577361 
2780.415101  	96.569999 
2781.852008  	96.565457 
2783.288915  	96.536173 
2784.725822  	96.516826 
2786.162729  	96.508753 
2787.599636  	96.502725 
2789.036543  	96.506649 
2790.473450  	96.496694 
2791.910357  	96.469186 
2793.347264  	96.453265 
2794.784171  	96.446480 
2796.221078  	96.425842 
2797.657985  	96.397714 
2799.094892  	96.374521 
2800.531799  	96.332262 
2801.968706  	96.278407 
2803.405613  	96.252000 
2804.842520  	96.237635 
2806.279427  	96.225912 
2807.716334  	96.221025 
2809.153241  	96.201262 
2810.590148  	96.185081 
2812.027056  	96.162892 
2813.463963  	96.103433 
2814.900870  	96.068991 
2816.337777  	96.071197 
2817.774684  	96.049358 
2819.211591  	96.020315 
2820.648498  	96.000661 
2822.085405  	95.975907 
2823.522312  	95.948005 
2824.959219  	95.909276 
2826.396126  	95.873989 
2827.833033  	95.854564 
2829.269940  	95.840686 
2830.706847  	95.831330 
2832.143754  	95.799257 
2833.580661  	95.747620 
2835.017568  	95.722536 
2836.454475  	95.708478 
2837.891382  	95.683765 
2839.328289  	95.655295 
2840.765196  	95.612047 
2842.202103  	95.567564 
2843.639010  	95.541883 
2845.075917  	95.530359 
2846.512824  	95.518381 
2847.949731  	95.482573 
2849.386638  	95.437751 
2850.823545  	95.404336 
2852.260452  	95.364178 
2853.697359  	95.316477 
2855.134266  	95.260313 
2856.571173  	95.208394 
2858.008080  	95.195573 
2859.444987  	95.178668 
2860.881895  	95.120761 
2862.318802  	95.074183 
2863.755709  	95.051313 
2865.192616  	95.026931 
2866.629523  	94.993342 
2868.066430  	94.929031 
2869.503337  	94.848509 
2870.940244  	94.799519 
2872.377151  	94.778635 
2873.814058  	94.750066 
2875.250965  	94.704662 
2876.687872  	94.657703 
2878.124779  	94.612281 
2879.561686  	94.562944 
2880.998593  	94.520007 
2882.435500  	94.481522 
2883.872407  	94.428715 
2885.309314  	94.365095 
2886.746221  	94.312068 
2888.183128  	94.272792 
2889.620035  	94.224523 
2891.056942  	94.161428 
2892.493849  	94.104654 
2893.930756  	94.057524 
2895.367663  	94.011877 
2896.804570  	93.963328 
2898.241477  	93.906100 
2899.678384  	93.844000 
2901.115291  	93.771216 
2902.552198  	93.694268 
2903.989105  	93.649752 
2905.426012  	93.622762 
2906.862919  	93.567447 
2908.299826  	93.489436 
2909.736733  	93.410546 
2911.173641  	93.340399 
2912.610548  	93.273345 
2914.047455  	93.205589 
2915.484362  	93.158443 
2916.921269  	93.110280 
2918.358176  	93.029668 
2919.795083  	92.952900 
2921.231990  	92.884676 
2922.668897  	92.803229 
2924.105804  	92.732838 
2925.542711  	92.667316 
2926.979618  	92.583470 
2928.416525  	92.491457 
2929.853432  	92.403533 
2931.290339  	92.331926 
2932.727246  	92.258947 
2934.164153  	92.167323 
2935.601060  	92.085897 
2937.037967  	92.012592 
2938.474874  	91.940630 
2939.911781  	91.880461 
2941.348688  	91.793935 
2942.785595  	91.688871 
2944.222502  	91.619015 
2945.659409  	91.561210 
2947.096316  	91.488783 
2948.533223  	91.419635 
2949.970130  	91.348615 
2951.407037  	91.242143 
2952.843944  	91.095595 
2954.280851  	90.973714 
2955.717758  	90.894170 
2957.154665  	90.787577 
2958.591572  	90.663779 
2960.028479  	90.573023 
2961.465387  	90.497411 
2962.902294  	90.403646 
2964.339201  	90.265008 
2965.776108  	90.126463 
2967.213015  	90.051097 
2968.649922  	89.962709 
2970.086829  	89.809560 
2971.523736  	89.665812 
2972.960643  	89.553645 
2974.397550  	89.437114 
2975.834457  	89.303220 
2977.271364  	89.166436 
2978.708271  	89.044537 
2980.145178  	88.925345 
2981.582085  	88.812575 
2983.018992  	88.712292 
2984.455899  	88.597900 
2985.892806  	88.481578 
2987.329713  	88.381166 
2988.766620  	88.273933 
2990.203527  	88.153500 
2991.640434  	88.035794 
2993.077341  	87.923687 
2994.514248  	87.792793 
2995.951155  	87.655085 
2997.388062  	87.539655 
2998.824969  	87.403762 
3000.261876  	87.258975 
3001.698783  	87.144634 
3003.135690  	86.995904 
3004.572597  	86.825353 
3006.009504  	86.682059 
3007.446411  	86.528468 
3008.883318  	86.392021 
3010.320226  	86.263094 
3011.757133  	86.090683 
3013.194040  	85.939393 
3014.630947  	85.806340 
3016.067854  	85.635310 
3017.504761  	85.452651 
3018.941668  	85.284571 
3020.378575  	85.148017 
3021.815482  	84.997581 
3023.252389  	84.806865 
3024.689296  	84.640974 
3026.126203  	84.455698 
3027.563110  	84.234032 
3029.000017  	84.055555 
3030.436924  	83.881849 
3031.873831  	83.698101 
3033.310738  	83.512541 
3034.747645  	83.301505 
3036.184552  	83.123025 
3037.621459  	82.943503 
3039.058366  	82.734097 
3040.495273  	82.554011 
3041.932180  	82.343479 
3043.369087  	82.131838 
3044.805994  	81.973807 
3046.242901  	81.774479 
3047.679808  	81.560564 
3049.116715  	81.345852 
3050.553622  	81.110209 
3051.990529  	80.932116 
3053.427436  	80.727881 
3054.864343  	80.460988 
3056.301250  	80.223899 
3057.738157  	79.983598 
3059.175064  	79.770073 
3060.611972  	79.578612 
3062.048879  	79.340703 
3063.485786  	79.107760 
3064.922693  	78.832302 
3066.359600  	78.546904 
3067.796507  	78.349296 
3069.233414  	78.113237 
3070.670321  	77.869609 
3072.107228  	77.667322 
3073.544135  	77.406456 
3074.981042  	77.174926 
3076.417949  	76.936848 
3077.854856  	76.623333 
3079.291763  	76.382797 
3080.728670  	76.161703 
3082.165577  	75.898540 
3083.602484  	75.630262 
3085.039391  	75.319518 
3086.476298  	75.065230 
3087.913205  	74.838915 
3089.350112  	74.554499 
3090.787019  	74.325663 
3092.223926  	74.085546 
3093.660833  	73.788240 
3095.097740  	73.512306 
3096.534647  	73.202624 
3097.971554  	72.909624 
3099.408461  	72.639313 
3100.845368  	72.341874 
3102.282275  	72.085625 
3103.719182  	71.791361 
3105.156089  	71.490961 
3106.592996  	71.253712 
3108.029903  	70.928923 
3109.466811  	70.603644 
3110.903718  	70.342618 
3112.340625  	70.038244 
3113.777532  	69.766596 
3115.214439  	69.486113 
3116.651346  	69.172149 
3118.088253  	68.891479 
3119.525160  	68.565351 
3120.962067  	68.280589 
3122.398974  	68.027062 
3123.835881  	67.702578 
3125.272788  	67.435843 
3126.709695  	67.140022 
3128.146602  	66.813225 
3129.583509  	66.578983 
3131.020416  	66.248631 
3132.457323  	65.923121 
3133.894230  	65.706397 
3135.331137  	65.380229 
3136.768044  	65.053701 
3138.204951  	64.762165 
3139.641858  	64.441902 
3141.078765  	64.198159 
3142.515672  	63.911758 
3143.952579  	63.620580 
3145.389486  	63.388444 
3146.826393  	63.054343 
3148.263300  	62.755780 
3149.700207  	62.499887 
3151.137114  	62.174958 
3152.574021  	61.899177 
3154.010928  	61.587293 
3155.447835  	61.284473 
3156.884742  	61.081372 
3158.321649  	60.811717 
3159.758557  	60.555456 
3161.195464  	60.296965 
3162.632371  	59.972908 
3164.069278  	59.740573 
3165.506185  	59.477289 
3166.943092  	59.208233 
3168.379999  	59.023254 
3169.816906  	58.719316 
3171.253813  	58.419475 
3172.690720  	58.183374 
3174.127627  	57.932685 
3175.564534  	57.776372 
3177.001441  	57.536857 
3178.438348  	57.241082 
3179.875255  	57.038790 
3181.312162  	56.761190 
3182.749069  	56.558770 
3184.185976  	56.394336 
3185.622883  	56.091906 
3187.059790  	55.896178 
3188.496697  	55.689622 
3189.933604  	55.442270 
3191.370511  	55.329372 
3192.807418  	55.094349 
3194.244325  	54.846859 
3195.681232  	54.702256 
3197.118139  	54.476294 
3198.555046  	54.333961 
3199.991953  	54.162596 
3201.428860  	53.904758 
3202.865767  	53.780496 
3204.302674  	53.596504 
3205.739581  	53.414487 
3207.176488  	53.302871 
3208.613395  	53.092432 
3210.050303  	52.996844 
3211.487210  	52.893670 
3212.924117  	52.678840 
3214.361024  	52.587109 
3215.797931  	52.409713 
3217.234838  	52.236694 
3218.671745  	52.204356 
3220.108652  	52.068253 
3221.545559  	51.998326 
3222.982466  	51.915207 
3224.419373  	51.722847 
3225.856280  	51.696922 
3227.293187  	51.590800 
3228.730094  	51.420263 
3230.167001  	51.382133 
3231.603908  	51.237167 
3233.040815  	51.167130 
3234.477722  	51.148383 
3235.914629  	51.013432 
3237.351536  	51.035185 
3238.788443  	51.001871 
3240.225350  	50.877068 
3241.662257  	50.880318 
3243.099164  	50.768852 
3244.536071  	50.705166 
3245.972978  	50.725615 
3247.409885  	50.604218 
3248.846792  	50.602938 
3250.283699  	50.593342 
3251.720606  	50.494122 
3253.157513  	50.517803 
3254.594420  	50.450720 
3256.031327  	50.419982 
3257.468234  	50.482694 
3258.905142  	50.387455 
3260.342049  	50.371145 
3261.778956  	50.376731 
3263.215863  	50.287592 
3264.652770  	50.298065 
3266.089677  	50.264159 
3267.526584  	50.265220 
3268.963491  	50.321639 
3270.400398  	50.239921 
3271.837305  	50.246665 
3273.274212  	50.254835 
3274.711119  	50.191738 
3276.148026  	50.266642 
3277.584933  	50.246523 
3279.021840  	50.204223 
3280.458747  	50.250969 
3281.895654  	50.187425 
3283.332561  	50.214883 
3284.769468  	50.235251 
3286.206375  	50.137564 
3287.643282  	50.196217 
3289.080189  	50.209422 
3290.517096  	50.157899 
3291.954003  	50.181483 
3293.390910  	50.123946 
3294.827817  	50.148411 
3296.264724  	50.187531 
3297.701631  	50.142845 
3299.138538  	50.225365 
3300.575445  	50.225632 
3302.012352  	50.174150 
3303.449259  	50.214156 
3304.886166  	50.153215 
3306.323073  	50.169236 
3307.759980  	50.205839 
3309.196888  	50.133706 
3310.633795  	50.199614 
3312.070702  	50.203629 
3313.507609  	50.156210 
3314.944516  	50.236834 
3316.381423  	50.213039 
3317.818330  	50.214290 
3319.255237  	50.244827 
3320.692144  	50.200086 
3322.129051  	50.270221 
3323.565958  	50.231402 
3325.002865  	50.167222 
3326.439772  	50.290405 
3327.876679  	50.269825 
3329.313586  	50.266276 
3330.750493  	50.332410 
3332.187400  	50.256158 
3333.624307  	50.300942 
3335.061214  	50.319995 
3336.498121  	50.245877 
3337.935028  	50.309267 
3339.371935  	50.285493 
3340.808842  	50.312584 
3342.245749  	50.433178 
3343.682656  	50.390304 
3345.119563  	50.441582 
3346.556470  	50.510958 
3347.993377  	50.490271 
3349.430284  	50.566902 
3350.867191  	50.543179 
3352.304098  	50.560631 
3353.741005  	50.686041 
3355.177912  	50.666353 
3356.614819  	50.745174 
3358.051726  	50.831435 
3359.488634  	50.804870 
3360.925541  	50.918382 
3362.362448  	50.981636 
3363.799355  	51.044693 
3365.236262  	51.152158 
3366.673169  	51.086393 
3368.110076  	51.155838 
3369.546983  	51.278285 
3370.983890  	51.288090 
3372.420797  	51.462778 
3373.857704  	51.562203 
3375.294611  	51.583090 
3376.731518  	51.726317 
3378.168425  	51.800780 
3379.605332  	51.942259 
3381.042239  	52.060145 
3382.479146  	52.071860 
3383.916053  	52.278180 
3385.352960  	52.408295 
3386.789867  	52.456391 
3388.226774  	52.661297 
3389.663681  	52.728203 
3391.100588  	52.787387 
3392.537495  	52.947184 
3393.974402  	53.031303 
3395.411309  	53.184613 
3396.848216  	53.323609 
3398.285123  	53.454423 
3399.722030  	53.620361 
3401.158937  	53.665193 
3402.595844  	53.843310 
3404.032751  	54.082833 
3405.469658  	54.210502 
3406.906565  	54.457961 
3408.343473  	54.589892 
3409.780380  	54.667452 
3411.217287  	54.936682 
3412.654194  	55.096619 
3414.091101  	55.311051 
3415.528008  	55.584857 
3416.964915  	55.652050 
3418.401822  	55.823218 
3419.838729  	56.021487 
3421.275636  	56.170981 
3422.712543  	56.477256 
3424.149450  	56.660042 
3425.586357  	56.801942 
3427.023264  	57.002271 
3428.460171  	57.106533 
3429.897078  	57.346577 
3431.333985  	57.580210 
3432.770892  	57.720883 
3434.207799  	57.983138 
3435.644706  	58.125389 
3437.081613  	58.265767 
3438.518520  	58.528831 
3439.955427  	58.682872 
3441.392334  	58.934655 
3442.829241  	59.197940 
3444.266148  	59.337608 
3445.703055  	59.589336 
3447.139962  	59.795043 
3448.576869  	60.021856 
3450.013776  	60.328209 
3451.450683  	60.479831 
3452.887590  	60.703651 
3454.324497  	60.945439 
3455.761404  	61.085240 
3457.198311  	61.356033 
3458.635219  	61.521278 
3460.072126  	61.606338 
3461.509033  	61.867280 
3462.945940  	62.112483 
3464.382847  	62.376643 
3465.819754  	62.603665 
3467.256661  	62.736855 
3468.693568  	62.997524 
3470.130475  	63.199279 
3471.567382  	63.365959 
3473.004289  	63.654793 
3474.441196  	63.858716 
3475.878103  	64.098216 
3477.315010  	64.329517 
3478.751917  	64.405716 
3480.188824  	64.607740 
3481.625731  	64.878280 
3483.062638  	65.132822 
3484.499545  	65.418862 
3485.936452  	65.589666 
3487.373359  	65.815587 
3488.810266  	66.084228 
3490.247173  	66.240537 
3491.684080  	66.468269 
3493.120987  	66.683154 
3494.557894  	66.890102 
3495.994801  	67.143252 
3497.431708  	67.282941 
3498.868615  	67.535710 
3500.305522  	67.783664 
3501.742429  	67.813014 
3503.179336  	68.065920 
3504.616243  	68.443551 
3506.053150  	68.630110 
3507.490058  	68.852983 
3508.926965  	69.072176 
3510.363872  	69.303705 
3511.800779  	69.584835 
3513.237686  	69.814727 
3514.674593  	70.080139 
3516.111500  	70.255180 
3517.548407  	70.394754 
3518.985314  	70.672282 
3520.422221  	70.829508 
3521.859128  	70.964481 
3523.296035  	71.236958 
3524.732942  	71.443147 
3526.169849  	71.695365 
3527.606756  	71.982164 
3529.043663  	72.212116 
3530.480570  	72.507777 
3531.917477  	72.731392 
3533.354384  	72.888989 
3534.791291  	73.071732 
3536.228198  	73.233682 
3537.665105  	73.487735 
3539.102012  	73.727977 
3540.538919  	73.905412 
3541.975826  	74.148103 
3543.412733  	74.337985 
3544.849640  	74.511282 
3546.286547  	74.774927 
3547.723454  	75.038941 
3549.160361  	75.260191 
3550.597268  	75.452580 
3552.034175  	75.655648 
3553.471082  	75.948332 
3554.907989  	76.178838 
3556.344896  	76.372356 
3557.781804  	76.580763 
3559.218711  	76.713717 
3560.655618  	76.931959 
3562.092525  	77.157334 
3563.529432  	77.309568 
3564.966339  	77.503144 
3566.403246  	77.681079 
3567.840153  	78.019477 
3569.277060  	78.365657 
3570.713967  	78.449295 
3572.150874  	78.650379 
3573.587781  	78.939973 
3575.024688  	79.142808 
3576.461595  	79.391326 
3577.898502  	79.556217 
3579.335409  	79.712077 
3580.772316  	79.991965 
3582.209223  	80.131699 
3583.646130  	80.230251 
3585.083037  	80.391777 
3586.519944  	80.545154 
3587.956851  	80.886990 
3589.393758  	81.155294 
3590.830665  	81.230848 
3592.267572  	81.392115 
3593.704479  	81.572996 
3595.141386  	81.800806 
3596.578293  	82.047622 
3598.015200  	82.207262 
3599.452107  	82.389521 
3600.889014  	82.560592 
3602.325921  	82.797040 
3603.762828  	83.064678 
3605.199735  	83.111284 
3606.636642  	83.198657 
3608.073550  	83.528022 
3609.510457  	83.781524 
3610.947364  	83.941396 
3612.384271  	84.078382 
3613.821178  	84.207471 
3615.258085  	84.447143 
3616.694992  	84.647386 
3618.131899  	84.876288 
3619.568806  	85.148737 
3621.005713  	85.222226 
3622.442620  	85.343276 
3623.879527  	85.527384 
3625.316434  	85.650108 
3626.753341  	85.759873 
3628.190248  	85.884744 
3629.627155  	86.343149 
3631.064062  	86.754598 
3632.500969  	86.813819 
3633.937876  	86.951560 
3635.374783  	87.234065 
3636.811690  	87.520438 
3638.248597  	87.793956 
3639.685504  	87.940777 
3641.122411  	88.063811 
3642.559318  	88.269148 
3643.996225  	88.482905 
3645.433132  	88.721285 
3646.870039  	88.892498 
3648.306946  	89.082834 
3649.743853  	89.532845 
3651.180760  	89.722005 
3652.617667  	89.737299 
3654.054574  	89.979795 
3655.491481  	90.256727 
3656.928389  	90.593162 
3658.365296  	90.829932 
3659.802203  	91.005918 
3661.239110  	91.259310 
3662.676017  	91.471530 
3664.112924  	91.690599 
3665.549831  	91.913685 
3666.986738  	92.091461 
3668.423645  	92.287193 
3669.860552  	92.527637 
3671.297459  	92.723682 
3672.734366  	92.911835 
3674.171273  	93.108006 
3675.608180  	93.320104 
3677.045087  	93.472032 
3678.481994  	93.671582 
3679.918901  	93.873155 
3681.355808  	94.009471 
3682.792715  	94.177487 
3684.229622  	94.388131 
3685.666529  	94.539080 
3687.103436  	94.676713 
3688.540343  	94.812951 
3689.977250  	94.894992 
3691.414157  	95.109930 
3692.851064  	95.342277 
3694.287971  	95.510590 
3695.724878  	95.676924 
3697.161785  	95.798793 
3698.598692  	95.959728 
3700.035599  	96.122327 
3701.472506  	96.051327 
3702.909413  	96.045496 
3704.346320  	96.204440 
3705.783227  	96.268187 
3707.220135  	96.381768 
3708.657042  	96.463628 
3710.093949  	96.427796 
3711.530856  	96.555832 
3712.967763  	96.642483 
3714.404670  	96.501143 
3715.841577  	96.488187 
3717.278484  	96.597202 
3718.715391  	96.671419 
3720.152298  	96.630630 
3721.589205  	96.574583 
3723.026112  	96.535637 
3724.463019  	96.567405 
3725.899926  	96.742691 
3727.336833  	96.756771 
3728.773740  	96.620705 
3730.210647  	96.781920 
3731.647554  	96.998053 
3733.084461  	96.923128 
3734.521368  	96.910427 
3735.958275  	96.947502 
3737.395182  	96.738298 
3738.832089  	96.788292 
3740.268996  	96.869281 
3741.705903  	96.868264 
3743.142810  	97.024019 
3744.579717  	97.135755 
3746.016624  	96.810077 
3747.453531  	96.958983 
3748.890438  	97.223989 
3750.327345  	97.230059 
3751.764252  	97.160490 
3753.201159  	97.164695 
3754.638066  	97.170442 
3756.074973  	97.294558 
3757.511881  	97.341096 
3758.948788  	97.303182 
3760.385695  	97.357541 
3761.822602  	97.366210 
3763.259509  	97.408973 
3764.696416  	97.456429 
3766.133323  	97.360739 
3767.570230  	97.472560 
3769.007137  	97.692392 
3770.444044  	97.541628 
3771.880951  	97.325262 
3773.317858  	97.394249 
3774.754765  	97.460755 
3776.191672  	97.494479 
3777.628579  	97.536211 
3779.065486  	97.516502 
3780.502393  	97.433525 
3781.939300  	97.427529 
3783.376207  	97.472715 
3784.813114  	97.427669 
3786.250021  	97.401048 
3787.686928  	97.484442 
3789.123835  	97.502544 
3790.560742  	97.462305 
3791.997649  	97.471242 
3793.434556  	97.475710 
3794.871463  	97.513321 
3796.308370  	97.533346 
3797.745277  	97.435413 
3799.182184  	97.456659 
3800.619091  	97.560781 
3802.055998  	97.517844 
3803.492905  	97.405062 
3804.929812  	97.485037 
3806.366720  	97.573624 
3807.803627  	97.510972 
3809.240534  	97.429866 
3810.677441  	97.499672 
3812.114348  	97.538943 
3813.551255  	97.511849 
3814.988162  	97.557206 
3816.425069  	97.592457 
3817.861976  	97.500685 
3819.298883  	97.526380 
3820.735790  	97.624709 
3822.172697  	97.554556 
3823.609604  	97.467846 
3825.046511  	97.562439 
3826.483418  	97.621727 
3827.920325  	97.541505 
3829.357232  	97.525794 
3830.794139  	97.595936 
3832.231046  	97.557538 
3833.667953  	97.488347 
3835.104860  	97.522638 
3836.541767  	97.575322 
3837.978674  	97.613182 
3839.415581  	97.533726 
3840.852488  	97.454538 
3842.289395  	97.535748 
3843.726302  	97.594891 
3845.163209  	97.536970 
3846.600116  	97.499803 
3848.037023  	97.524185 
3849.473930  	97.546704 
3850.910837  	97.586769 
3852.347744  	97.756204 
3853.784651  	97.868629 
3855.221558  	97.512613 
3856.658466  	97.468360 
3858.095373  	97.554646 
3859.532280  	97.617025 
3860.969187  	97.670115 
3862.406094  	97.666534 
3863.843001  	97.657616 
3865.279908  	97.591817 
3866.716815  	97.488645 
3868.153722  	97.632465 
3869.590629  	97.747057 
3871.027536  	97.541814 
3872.464443  	97.571094 
3873.901350  	97.686406 
3875.338257  	97.582380 
3876.775164  	97.570388 
3878.212071  	97.639570 
3879.648978  	97.669584 
3881.085885  	97.667239 
3882.522792  	97.584967 
3883.959699  	97.626175 
3885.396606  	97.716234 
3886.833513  	97.622737 
3888.270420  	97.631641 
3889.707327  	97.741904 
3891.144234  	97.727791 
3892.581141  	97.604683 
3894.018048  	97.584581 
3895.454955  	97.626512 
3896.891862  	97.682037 
3898.328769  	97.720258 
3899.765676  	97.786794 
3901.202583  	97.791121 
3902.639490  	97.729937 
3904.076397  	97.691920 
3905.513305  	97.692403 
3906.950212  	97.716944 
3908.387119  	97.746320 
3909.824026  	97.746488 
3911.260933  	97.750685 
3912.697840  	97.749140 
3914.134747  	97.744616 
3915.571654  	97.780787 
3917.008561  	97.772602 
3918.445468  	97.725589 
3919.882375  	97.739548 
3921.319282  	97.757273 
3922.756189  	97.768436 
3924.193096  	97.737399 
3925.630003  	97.666544 
3927.066910  	97.682671 
3928.503817  	97.737799 
3929.940724  	97.720746 
3931.377631  	97.707549 
3932.814538  	97.724298 
3934.251445  	97.722328 
3935.688352  	97.757272 
3937.125259  	97.799508 
3938.562166  	97.781185 
3939.999073  	97.766659 
3941.435980  	97.786785 
3942.872887  	97.751271 
3944.309794  	97.692500 
3945.746701  	97.720087 
3947.183608  	97.780709 
3948.620515  	97.777747 
3950.057422  	97.743759 
3951.494329  	97.730104 
3952.931236  	97.743520 
3954.368143  	97.767572 
3955.805051  	97.762495 
3957.241958  	97.749266 
3958.678865  	97.766034 
3960.115772  	97.793860 
3961.552679  	97.787853 
3962.989586  	97.759257 
3964.426493  	97.765796 
3965.863400  	97.806238 
3967.300307  	97.810218 
3968.737214  	97.776522 
3970.174121  	97.759632 
3971.611028  	97.774211 
3973.047935  	97.781071 
3974.484842  	97.756972 
3975.921749  	97.750324 
3977.358656  	97.762617 
3978.795563  	97.754872 
3980.232470  	97.750526 
3981.669377  	97.755895 
3983.106284  	97.789642 
3984.543191  	97.856189 
3985.980098  	97.860284 
3987.417005  	97.799240 
3988.853912  	97.754327 
3990.290819  	97.744673 
3991.727726  	97.776147 
3993.164633  	97.787771 
3994.601540  	97.749896 
3996.038447  	97.751078 
3997.475354  	97.803984 
3998.912261  	97.861256 
4000.349168  	97.869098 