399.460154  	37.206158 
400.897061  	37.273226 
402.333968  	38.426442 
403.770875  	37.144995 
405.207782  	36.761395 
406.644689  	37.250085 
408.081596  	36.754495 
409.518503  	37.632538 
410.955410  	37.644187 
412.392317  	37.314737 
413.829224  	38.034832 
415.266131  	37.578383 
416.703038  	37.478420 
418.139945  	36.917535 
419.576852  	34.743384 
421.013759  	36.465389 
422.450666  	37.385937 
423.887574  	37.085837 
425.324481  	37.574734 
426.761388  	37.612098 
428.198295  	37.870986 
429.635202  	37.996765 
431.072109  	37.309914 
432.509016  	37.577404 
433.945923  	37.231018 
435.382830  	36.681038 
436.819737  	37.485012 
438.256644  	37.184093 
439.693551  	36.909858 
441.130458  	37.589583 
442.567365  	36.942664 
444.004272  	36.640826 
445.441179  	37.072114 
446.878086  	36.879883 
448.314993  	37.104599 
449.751900  	37.201579 
451.188807  	37.041268 
452.625714  	37.104328 
454.062621  	36.826093 
455.499528  	36.795469 
456.936435  	36.570023 
458.373342  	36.123844 
459.810249  	36.484195 
461.247156  	36.533522 
462.684063  	36.615891 
464.120970  	36.836916 
465.557877  	36.461115 
466.994784  	36.662149 
468.431691  	37.094087 
469.868598  	36.881326 
471.305505  	36.999335 
472.742413  	36.871363 
474.179320  	36.415512 
475.616227  	36.576263 
477.053134  	36.688085 
478.490041  	36.714444 
479.926948  	36.805125 
481.363855  	36.826237 
482.800762  	36.897048 
484.237669  	36.649120 
485.674576  	36.424562 
487.111483  	36.648156 
488.548390  	36.671128 
489.985297  	36.520250 
491.422204  	36.533270 
492.859111  	36.698717 
494.296018  	36.708443 
495.732925  	36.468742 
497.169832  	36.749149 
498.606739  	37.197079 
500.043646  	36.900422 
501.480553  	36.459842 
502.917460  	36.437385 
504.354367  	36.711042 
505.791274  	36.982933 
507.228181  	36.746209 
508.665088  	36.579890 
510.101995  	36.881413 
511.538902  	37.062157 
512.975809  	37.020023 
514.412716  	36.839514 
515.849623  	36.706208 
517.286530  	36.793890 
518.723437  	36.736551 
520.160344  	36.839623 
521.597251  	37.108933 
523.034159  	37.046398 
524.471066  	37.009643 
525.907973  	37.091453 
527.344880  	37.014432 
528.781787  	36.997431 
530.218694  	36.990783 
531.655601  	37.020651 
533.092508  	37.092858 
534.529415  	37.056131 
535.966322  	37.125230 
537.403229  	37.228393 
538.840136  	37.314716 
540.277043  	37.509824 
541.713950  	37.507293 
543.150857  	37.456634 
544.587764  	37.550819 
546.024671  	37.557793 
547.461578  	37.656504 
548.898485  	37.747588 
550.335392  	37.643668 
551.772299  	37.607901 
553.209206  	37.651361 
554.646113  	37.821338 
556.083020  	38.042092 
557.519927  	38.107294 
558.956834  	38.249380 
560.393741  	38.337931 
561.830648  	38.239731 
563.267555  	38.292867 
564.704462  	38.379347 
566.141369  	38.400441 
567.578276  	38.445017 
569.015183  	38.493129 
570.452090  	38.670530 
571.888997  	38.695684 
573.325905  	38.540550 
574.762812  	38.679069 
576.199719  	38.859851 
577.636626  	38.857914 
579.073533  	38.980933 
580.510440  	39.154628 
581.947347  	39.288941 
583.384254  	39.336817 
584.821161  	39.302820 
586.258068  	39.412063 
587.694975  	39.532373 
589.131882  	39.579478 
590.568789  	39.702969 
592.005696  	39.774095 
593.442603  	39.804622 
594.879510  	39.872930 
596.316417  	39.942455 
597.753324  	40.067395 
599.190231  	40.122105 
600.627138  	40.147537 
602.064045  	40.317377 
603.500952  	40.451894 
604.937859  	40.521732 
606.374766  	40.588558 
607.811673  	40.678657 
609.248580  	40.871776 
610.685487  	40.968728 
612.122394  	40.982955 
613.559301  	41.156149 
614.996208  	41.308418 
616.433115  	41.385457 
617.870022  	41.518633 
619.306929  	41.610192 
620.743836  	41.694043 
622.180744  	41.839471 
623.617651  	42.016601 
625.054558  	42.185754 
626.491465  	42.246841 
627.928372  	42.312718 
629.365279  	42.474538 
630.802186  	42.607352 
632.239093  	42.723824 
633.676000  	42.856226 
635.112907  	43.008124 
636.549814  	43.207325 
637.986721  	43.362798 
639.423628  	43.448097 
640.860535  	43.521387 
642.297442  	43.599674 
643.734349  	43.786997 
645.171256  	43.979915 
646.608163  	44.096691 
648.045070  	44.237239 
649.481977  	44.369533 
650.918884  	44.471881 
652.355791  	44.602802 
653.792698  	44.748572 
655.229605  	44.951689 
656.666512  	45.136873 
658.103419  	45.267981 
659.540326  	45.427121 
660.977233  	45.583738 
662.414140  	45.743072 
663.851047  	45.917255 
665.287954  	45.955940 
666.724861  	46.060366 
668.161768  	46.303350 
669.598675  	46.536615 
671.035582  	46.645721 
672.472490  	46.822819 
673.909397  	47.026284 
675.346304  	47.200373 
676.783211  	47.331750 
678.220118  	47.470812 
679.657025  	47.650139 
681.093932  	47.847312 
682.530839  	48.021864 
683.967746  	48.184384 
685.404653  	48.336551 
686.841560  	48.477686 
688.278467  	48.668778 
689.715374  	48.871885 
691.152281  	49.047428 
692.589188  	49.200219 
694.026095  	49.369940 
695.463002  	49.586070 
696.899909  	49.815178 
698.336816  	50.014334 
699.773723  	50.169703 
701.210630  	50.360127 
702.647537  	50.507099 
704.084444  	50.655727 
705.521351  	50.908423 
706.958258  	51.103577 
708.395165  	51.268166 
709.832072  	51.506238 
711.268979  	51.691313 
712.705886  	51.851839 
714.142793  	52.047852 
715.579700  	52.232604 
717.016607  	52.425194 
718.453514  	52.627624 
719.890421  	52.840549 
721.327328  	53.066817 
722.764236  	53.258271 
724.201143  	53.434717 
725.638050  	53.635406 
727.074957  	53.834024 
728.511864  	54.057252 
729.948771  	54.325894 
731.385678  	54.540987 
732.822585  	54.703867 
734.259492  	54.898667 
735.696399  	55.117697 
737.133306  	55.325347 
738.570213  	55.532789 
740.007120  	55.734549 
741.444027  	55.958373 
742.880934  	56.215114 
744.317841  	56.365603 
745.754748  	56.484251 
747.191655  	56.772247 
748.628562  	57.060199 
750.065469  	57.260666 
751.502376  	57.495451 
752.939283  	57.676905 
754.376190  	57.834951 
755.813097  	58.069296 
757.250004  	58.297549 
758.686911  	58.558126 
760.123818  	58.852904 
761.560725  	59.119954 
762.997632  	59.392592 
764.434539  	59.579827 
765.871446  	59.723109 
767.308353  	59.978981 
768.745260  	60.236882 
770.182167  	60.443129 
771.619075  	60.650247 
773.055982  	60.853454 
774.492889  	61.106815 
775.929796  	61.341959 
777.366703  	61.530559 
778.803610  	61.792314 
780.240517  	62.052347 
781.677424  	62.280017 
783.114331  	62.551346 
784.551238  	62.786192 
785.988145  	62.979304 
787.425052  	63.178636 
788.861959  	63.371581 
790.298866  	63.622548 
791.735773  	63.936128 
793.172680  	64.254101 
794.609587  	64.503619 
796.046494  	64.625374 
797.483401  	64.763291 
798.920308  	65.022464 
800.357215  	65.304609 
801.794122  	65.595743 
803.231029  	65.895241 
804.667936  	66.126824 
806.104843  	66.323765 
807.541750  	66.592412 
808.978657  	66.926383 
810.415564  	67.177715 
811.852471  	67.321796 
813.289378  	67.522803 
814.726285  	67.801674 
816.163192  	68.054902 
817.600099  	68.264976 
819.037006  	68.458252 
820.473913  	68.702676 
821.910821  	69.022755 
823.347728  	69.315985 
824.784635  	69.540904 
826.221542  	69.751361 
827.658449  	69.959641 
829.095356  	70.177241 
830.532263  	70.440500 
831.969170  	70.726785 
833.406077  	70.983901 
834.842984  	71.228992 
836.279891  	71.494031 
837.716798  	71.760432 
839.153705  	72.021671 
840.590612  	72.279148 
842.027519  	72.507848 
843.464426  	72.717891 
844.901333  	72.954265 
846.338240  	73.221386 
847.775147  	73.485933 
849.212054  	73.726237 
850.648961  	73.955676 
852.085868  	74.204882 
853.522775  	74.480151 
854.959682  	74.743459 
856.396589  	74.945399 
857.833496  	75.105879 
859.270403  	75.336407 
860.707310  	75.656042 
862.144217  	75.928169 
863.581124  	76.146841 
865.018031  	76.396859 
866.454938  	76.610034 
867.891845  	76.808121 
869.328752  	77.083039 
870.765660  	77.326797 
872.202567  	77.521543 
873.639474  	77.773892 
875.076381  	78.030613 
876.513288  	78.236122 
877.950195  	78.419849 
879.387102  	78.631957 
880.824009  	78.886693 
882.260916  	79.082055 
883.697823  	79.229776 
885.134730  	79.434670 
886.571637  	79.644735 
888.008544  	79.849946 
889.445451  	80.083397 
890.882358  	80.284738 
892.319265  	80.477251 
893.756172  	80.700414 
895.193079  	80.921497 
896.629986  	81.131972 
898.066893  	81.322704 
899.503800  	81.501197 
900.940707  	81.675559 
902.377614  	81.847176 
903.814521  	82.028714 
905.251428  	82.177899 
906.688335  	82.322393 
908.125242  	82.530014 
909.562149  	82.738927 
910.999056  	82.914119 
912.435963  	83.072923 
913.872870  	83.235896 
915.309777  	83.433061 
916.746684  	83.576976 
918.183591  	83.682694 
919.620498  	83.876082 
921.057406  	84.060047 
922.494313  	84.185487 
923.931220  	84.346415 
925.368127  	84.504319 
926.805034  	84.636866 
928.241941  	84.764017 
929.678848  	84.887309 
931.115755  	85.039947 
932.552662  	85.175214 
933.989569  	85.267674 
935.426476  	85.374923 
936.863383  	85.508268 
938.300290  	85.658791 
939.737197  	85.781870 
941.174104  	85.866566 
942.611011  	85.954374 
944.047918  	86.031187 
945.484825  	86.146003 
946.921732  	86.294818 
948.358639  	86.382115 
949.795546  	86.482342 
951.232453  	86.613501 
952.669360  	86.712125 
954.106267  	86.841013 
955.543174  	86.961910 
956.980081  	87.059130 
958.416988  	87.193031 
959.853895  	87.273461 
961.290802  	87.323865 
962.727709  	87.424146 
964.164616  	87.519538 
965.601523  	87.613161 
967.038430  	87.669849 
968.475337  	87.713393 
969.912244  	87.861700 
971.349152  	87.979675 
972.786059  	87.988178 
974.222966  	88.040888 
975.659873  	88.140547 
977.096780  	88.222908 
978.533687  	88.286513 
979.970594  	88.340615 
981.407501  	88.407042 
982.844408  	88.462574 
984.281315  	88.525836 
985.718222  	88.598732 
987.155129  	88.625088 
988.592036  	88.672591 
990.028943  	88.755459 
991.465850  	88.804752 
992.902757  	88.859365 
994.339664  	88.894196 
995.776571  	88.898169 
997.213478  	88.971655 
998.650385  	89.081389 
1000.087292  	89.146270 
1001.524199  	89.169074 
1002.961106  	89.172021 
1004.398013  	89.194933 
1005.834920  	89.238076 
1007.271827  	89.285634 
1008.708734  	89.337463 
1010.145641  	89.376113 
1011.582548  	89.414965 
1013.019455  	89.456114 
1014.456362  	89.493852 
1015.893269  	89.535923 
1017.330176  	89.556349 
1018.767083  	89.589619 
1020.203991  	89.639714 
1021.640898  	89.639231 
1023.077805  	89.658316 
1024.514712  	89.722020 
1025.951619  	89.745312 
1027.388526  	89.765399 
1028.825433  	89.795673 
1030.262340  	89.804297 
1031.699247  	89.825560 
1033.136154  	89.848266 
1034.573061  	89.875784 
1036.009968  	89.919359 
1037.446875  	89.929660 
1038.883782  	89.925635 
1040.320689  	89.953856 
1041.757596  	90.004659 
1043.194503  	90.044628 
1044.631410  	90.052711 
1046.068317  	90.057209 
1047.505224  	90.064061 
1048.942131  	90.083240 
1050.379038  	90.138983 
1051.815945  	90.174476 
1053.252852  	90.195249 
1054.689759  	90.230372 
1056.126666  	90.222567 
1057.563573  	90.219232 
1059.000480  	90.247053 
1060.437387  	90.255771 
1061.874294  	90.297978 
1063.311201  	90.349846 
1064.748108  	90.350866 
1066.185015  	90.348671 
1067.621922  	90.358456 
1069.058829  	90.390368 
1070.495737  	90.409018 
1071.932644  	90.385915 
1073.369551  	90.410342 
1074.806458  	90.436922 
1076.243365  	90.413384 
1077.680272  	90.426097 
1079.117179  	90.443797 
1080.554086  	90.463579 
1081.990993  	90.503825 
1083.427900  	90.478132 
1084.864807  	90.451221 
1086.301714  	90.473615 
1087.738621  	90.474973 
1089.175528  	90.475206 
1090.612435  	90.474969 
1092.049342  	90.481708 
1093.486249  	90.506999 
1094.923156  	90.494515 
1096.360063  	90.511100 
1097.796970  	90.574672 
1099.233877  	90.581489 
1100.670784  	90.570543 
1102.107691  	90.587753 
1103.544598  	90.618371 
1104.981505  	90.653453 
1106.418412  	90.656022 
1107.855319  	90.652430 
1109.292226  	90.645637 
1110.729133  	90.631439 
1112.166040  	90.670106 
1113.602947  	90.688116 
1115.039854  	90.648362 
1116.476761  	90.639093 
1117.913668  	90.635839 
1119.350575  	90.642542 
1120.787483  	90.680489 
1122.224390  	90.678095 
1123.661297  	90.647304 
1125.098204  	90.621562 
1126.535111  	90.617421 
1127.972018  	90.647239 
1129.408925  	90.651970 
1130.845832  	90.643848 
1132.282739  	90.645032 
1133.719646  	90.631490 
1135.156553  	90.648030 
1136.593460  	90.661618 
1138.030367  	90.647732 
1139.467274  	90.667782 
1140.904181  	90.668079 
1142.341088  	90.644777 
1143.777995  	90.645764 
1145.214902  	90.634484 
1146.651809  	90.646427 
1148.088716  	90.664028 
1149.525623  	90.632830 
1150.962530  	90.619713 
1152.399437  	90.615580 
1153.836344  	90.616725 
1155.273251  	90.652492 
1156.710158  	90.637713 
1158.147065  	90.601019 
1159.583972  	90.606505 
1161.020879  	90.599399 
1162.457786  	90.592338 
1163.894693  	90.584431 
1165.331600  	90.562128 
1166.768507  	90.572289 
1168.205414  	90.582978 
1169.642322  	90.583009 
1171.079229  	90.591685 
1172.516136  	90.580523 
1173.953043  	90.581100 
1175.389950  	90.589689 
1176.826857  	90.572468 
1178.263764  	90.558110 
1179.700671  	90.539753 
1181.137578  	90.542237 
1182.574485  	90.577394 
1184.011392  	90.572592 
1185.448299  	90.552401 
1186.885206  	90.547924 
1188.322113  	90.531701 
1189.759020  	90.533558 
1191.195927  	90.535998 
1192.632834  	90.519536 
1194.069741  	90.525655 
1195.506648  	90.526997 
1196.943555  	90.502022 
1198.380462  	90.486018 
1199.817369  	90.494646 
1201.254276  	90.517816 
1202.691183  	90.521386 
1204.128090  	90.503666 
1205.564997  	90.484821 
1207.001904  	90.464485 
1208.438811  	90.461119 
1209.875718  	90.464601 
1211.312625  	90.459881 
1212.749532  	90.465448 
1214.186439  	90.459212 
1215.623346  	90.443026 
1217.060253  	90.439174 
1218.497160  	90.428377 
1219.934068  	90.423044 
1221.370975  	90.424209 
1222.807882  	90.420857 
1224.244789  	90.434949 
1225.681696  	90.442189 
1227.118603  	90.433265 
1228.555510  	90.430158 
1229.992417  	90.425177 
1231.429324  	90.430132 
1232.866231  	90.424030 
1234.303138  	90.394772 
1235.740045  	90.389833 
1237.176952  	90.389022 
1238.613859  	90.379101 
1240.050766  	90.377236 
1241.487673  	90.357055 
1242.924580  	90.348868 
1244.361487  	90.352614 
1245.798394  	90.323932 
1247.235301  	90.305372 
1248.672208  	90.297256 
1250.109115  	90.282913 
1251.546022  	90.288117 
1252.982929  	90.275475 
1254.419836  	90.249969 
1255.856743  	90.240402 
1257.293650  	90.223022 
1258.730557  	90.222002 
1260.167464  	90.226539 
1261.604371  	90.203219 
1263.041278  	90.187839 
1264.478185  	90.183099 
1265.915092  	90.187980 
1267.351999  	90.193726 
1268.788907  	90.172496 
1270.225814  	90.164612 
1271.662721  	90.159173 
1273.099628  	90.127849 
1274.536535  	90.117712 
1275.973442  	90.106327 
1277.410349  	90.081394 
1278.847256  	90.074649 
1280.284163  	90.063121 
1281.721070  	90.065646 
1283.157977  	90.086764 
1284.594884  	90.095060 
1286.031791  	90.112093 
1287.468698  	90.115327 
1288.905605  	90.108747 
1290.342512  	90.135374 
1291.779419  	90.143869 
1293.216326  	90.130985 
1294.653233  	90.134060 
1296.090140  	90.135168 
1297.527047  	90.146740 
1298.963954  	90.161571 
1300.400861  	90.162887 
1301.837768  	90.168733 
1303.274675  	90.179111 
1304.711582  	90.197053 
1306.148489  	90.211318 
1307.585396  	90.204268 
1309.022303  	90.200522 
1310.459210  	90.207564 
1311.896117  	90.221344 
1313.333024  	90.235588 
1314.769931  	90.227215 
1316.206838  	90.230749 
1317.643745  	90.240551 
1319.080653  	90.241935 
1320.517560  	90.234405 
1321.954467  	90.244863 
1323.391374  	90.241042 
1324.828281  	90.239190 
1326.265188  	90.241384 
1327.702095  	90.234140 
1329.139002  	90.224774 
1330.575909  	90.203986 
1332.012816  	90.196557 
1333.449723  	90.193436 
1334.886630  	90.166979 
1336.323537  	90.150997 
1337.760444  	90.124949 
1339.197351  	90.101133 
1340.634258  	90.094373 
1342.071165  	90.078674 
1343.508072  	90.066685 
1344.944979  	90.044146 
1346.381886  	90.023228 
1347.818793  	90.001505 
1349.255700  	89.972004 
1350.692607  	89.945016 
1352.129514  	89.918449 
1353.566421  	89.888223 
1355.003328  	89.851972 
1356.440235  	89.829427 
1357.877142  	89.795983 
1359.314049  	89.777971 
1360.750956  	89.740139 
1362.187863  	89.687680 
1363.624770  	89.666246 
1365.061677  	89.633445 
1366.498584  	89.588122 
1367.935491  	89.548039 
1369.372399  	89.497727 
1370.809306  	89.452177 
1372.246213  	89.413213 
1373.683120  	89.356932 
1375.120027  	89.286043 
1376.556934  	89.235574 
1377.993841  	89.174939 
1379.430748  	89.122439 
1380.867655  	89.085296 
1382.304562  	89.060939 
1383.741469  	89.029254 
1385.178376  	88.976397 
1386.615283  	88.921350 
1388.052190  	88.904700 
1389.489097  	88.924303 
1390.926004  	88.945213 
1392.362911  	88.944421 
1393.799818  	88.954067 
1395.236725  	88.992434 
1396.673632  	89.025700 
1398.110539  	89.056224 
1399.547446  	89.092859 
1400.984353  	89.124753 
1402.421260  	89.162197 
1403.858167  	89.171953 
1405.295074  	89.197909 
1406.731981  	89.250838 
1408.168888  	89.285322 
1409.605795  	89.319441 
1411.042702  	89.349055 
1412.479609  	89.380129 
1413.916516  	89.427194 
1415.353423  	89.470549 
1416.790330  	89.500530 
1418.227238  	89.544319 
1419.664145  	89.550255 
1421.101052  	89.586968 
1422.537959  	89.638456 
1423.974866  	89.649023 
1425.411773  	89.678057 
1426.848680  	89.712243 
1428.285587  	89.726209 
1429.722494  	89.758950 
1431.159401  	89.758732 
1432.596308  	89.768466 
1434.033215  	89.799777 
1435.470122  	89.799210 
1436.907029  	89.790198 
1438.343936  	89.791701 
1439.780843  	89.817241 
1441.217750  	89.829958 
1442.654657  	89.840817 
1444.091564  	89.855218 
1445.528471  	89.851403 
1446.965378  	89.834773 
1448.402285  	89.827479 
1449.839192  	89.832304 
1451.276099  	89.831547 
1452.713006  	89.838105 
1454.149913  	89.818809 
1455.586820  	89.787708 
1457.023727  	89.788100 
1458.460634  	89.755207 
1459.897541  	89.778864 
1461.334448  	89.781020 
1462.771355  	89.766643 
1464.208262  	89.751100 
1465.645169  	89.736982 
1467.082076  	89.733877 
1468.518984  	89.729589 
1469.955891  	89.708932 
1471.392798  	89.685835 
1472.829705  	89.646101 
1474.266612  	89.626736 
1475.703519  	89.632865 
1477.140426  	89.614853 
1478.577333  	89.613608 
1480.014240  	89.622919 
1481.451147  	89.590626 
1482.888054  	89.587264 
1484.324961  	89.576484 
1485.761868  	89.520042 
1487.198775  	89.498754 
1488.635682  	89.448650 
1490.072589  	89.376656 
1491.509496  	89.352812 
1492.946403  	89.338468 
1494.383310  	89.326398 
1495.820217  	89.276168 
1497.257124  	89.206604 
1498.694031  	89.189838 
1500.130938  	89.138098 
1501.567845  	89.099733 
1503.004752  	89.100974 
1504.441659  	89.036434 
1505.878566  	88.971895 
1507.315473  	88.886860 
1508.752380  	88.775638 
1510.189287  	88.793294 
1511.626194  	88.755035 
1513.063101  	88.707008 
1514.500008  	88.687987 
1515.936915  	88.616673 
1517.373822  	88.558346 
1518.810730  	88.538049 
1520.247637  	88.464578 
1521.684544  	88.406172 
1523.121451  	88.316387 
1524.558358  	88.247147 
1525.995265  	88.182900 
1527.432172  	88.101684 
1528.869079  	88.055382 
1530.305986  	88.005207 
1531.742893  	87.879799 
1533.179800  	87.769214 
1534.616707  	87.635201 
1536.053614  	87.524548 
1537.490521  	87.445600 
1538.927428  	87.289784 
1540.364335  	87.168971 
1541.801242  	87.049568 
1543.238149  	86.851818 
1544.675056  	86.732937 
1546.111963  	86.601401 
1547.548870  	86.477929 
1548.985777  	86.354359 
1550.422684  	86.144280 
1551.859591  	85.969730 
1553.296498  	85.836745 
1554.733405  	85.634993 
1556.170312  	85.476411 
1557.607219  	85.314878 
1559.044126  	85.099988 
1560.481033  	84.922320 
1561.917940  	84.770247 
1563.354847  	84.616022 
1564.791754  	84.527222 
1566.228661  	84.353808 
1567.665569  	84.197541 
1569.102476  	84.056056 
1570.539383  	83.836842 
1571.976290  	83.708177 
1573.413197  	83.521659 
1574.850104  	83.330210 
1576.287011  	83.218945 
1577.723918  	83.024953 
1579.160825  	82.860800 
1580.597732  	82.707866 
1582.034639  	82.515739 
1583.471546  	82.368472 
1584.908453  	82.187587 
1586.345360  	81.972588 
1587.782267  	81.816647 
1589.219174  	81.557509 
1590.656081  	81.304850 
1592.092988  	81.071386 
1593.529895  	80.782367 
1594.966802  	80.517634 
1596.403709  	80.247287 
1597.840616  	79.935959 
1599.277523  	79.668180 
1600.714430  	79.273555 
1602.151337  	78.872460 
1603.588244  	78.500201 
1605.025151  	78.051390 
1606.462058  	77.663573 
1607.898965  	77.266261 
1609.335872  	76.800644 
1610.772779  	76.391488 
1612.209686  	75.938189 
1613.646593  	75.466871 
1615.083500  	75.062080 
1616.520407  	74.534741 
1617.957315  	74.109990 
1619.394222  	73.714313 
1620.831129  	73.148989 
1622.268036  	72.787853 
1623.704943  	72.509167 
1625.141850  	72.084528 
1626.578757  	71.804403 
1628.015664  	71.479963 
1629.452571  	71.258678 
1630.889478  	71.114609 
1632.326385  	70.838781 
1633.763292  	70.671920 
1635.200199  	70.610390 
1636.637106  	70.677761 
1638.074013  	70.818146 
1639.510920  	70.742833 
1640.947827  	70.774188 
1642.384734  	70.976154 
1643.821641  	71.003122 
1645.258548  	71.113209 
1646.695455  	71.490986 
1648.132362  	71.920022 
1649.569269  	72.246076 
1651.006176  	72.250426 
1652.443083  	72.208166 
1653.879990  	73.605956 
1655.316897  	73.774520 
1656.753804  	73.899411 
1658.190711  	74.303404 
1659.627618  	74.667237 
1661.064525  	75.067954 
1662.501432  	75.507466 
1663.938339  	75.965167 
1665.375246  	76.441927 
1666.812154  	76.765382 
1668.249061  	77.103369 
1669.685968  	77.681025 
1671.122875  	78.171264 
1672.559782  	78.607055 
1673.996689  	78.970944 
1675.433596  	79.388475 
1676.870503  	80.075133 
1678.307410  	80.484395 
1679.744317  	80.874510 
1681.181224  	81.354747 
1682.618131  	81.680392 
1684.055038  	82.116596 
1685.491945  	82.787009 
1686.928852  	83.078771 
1688.365759  	83.462426 
1689.802666  	83.910955 
1691.239573  	84.306977 
1692.676480  	84.753289 
1694.113387  	85.053076 
1695.550294  	85.354565 
1696.987201  	85.827332 
1698.424108  	86.060363 
1699.861015  	86.315169 
1701.297922  	86.767160 
1702.734829  	87.037331 
1704.171736  	87.347786 
1705.608643  	87.680960 
1707.045550  	87.963694 
1708.482457  	88.275127 
1709.919364  	88.547597 
1711.356271  	88.842729 
1712.793178  	89.146895 
1714.230085  	89.379355 
1715.666992  	89.679045 
1717.103900  	89.956239 
1718.540807  	90.169162 
1719.977714  	90.480784 
1721.414621  	90.731541 
1722.851528  	90.983249 
1724.288435  	91.264315 
1725.725342  	91.496230 
1727.162249  	91.745515 
1728.599156  	91.899092 
1730.036063  	91.990500 
1731.472970  	92.153756 
1732.909877  	92.269373 
1734.346784  	92.353132 
1735.783691  	92.506192 
1737.220598  	92.635451 
1738.657505  	92.760144 
1740.094412  	92.885763 
1741.531319  	92.992744 
1742.968226  	93.134447 
1744.405133  	93.243009 
1745.842040  	93.350089 
1747.278947  	93.510007 
1748.715854  	93.592880 
1750.152761  	93.690141 
1751.589668  	93.812051 
1753.026575  	93.865332 
1754.463482  	94.013233 
1755.900389  	94.105734 
1757.337296  	94.116783 
1758.774203  	94.226240 
1760.211110  	94.290687 
1761.648017  	94.354754 
1763.084924  	94.457679 
1764.521831  	94.501635 
1765.958738  	94.605409 
1767.395646  	94.658461 
1768.832553  	94.656992 
1770.269460  	94.744304 
1771.706367  	94.808781 
1773.143274  	94.801217 
1774.580181  	94.855762 
1776.017088  	94.894148 
1777.453995  	94.938883 
1778.890902  	94.990849 
1780.327809  	95.016962 
1781.764716  	95.076981 
1783.201623  	95.092857 
1784.638530  	95.101362 
1786.075437  	95.153637 
1787.512344  	95.189763 
1788.949251  	95.275996 
1790.386158  	95.349320 
1791.823065  	95.304710 
1793.259972  	95.331623 
1794.696879  	95.356762 
1796.133786  	95.376023 
1797.570693  	95.453612 
1799.007600  	95.480609 
1800.444507  	95.541560 
1801.881414  	95.594160 
1803.318321  	95.571254 
1804.755228  	95.647019 
1806.192135  	95.677175 
1807.629042  	95.653892 
1809.065949  	95.674725 
1810.502856  	95.659462 
1811.939763  	95.673493 
1813.376670  	95.707413 
1814.813577  	95.725325 
1816.250485  	95.774439 
1817.687392  	95.778060 
1819.124299  	95.728089 
1820.561206  	95.758820 
1821.998113  	95.788216 
1823.435020  	95.830546 
1824.871927  	95.843243 
1826.308834  	95.803332 
1827.745741  	95.872486 
1829.182648  	95.918311 
1830.619555  	95.852207 
1832.056462  	95.877089 
1833.493369  	95.918844 
1834.930276  	95.930860 
1836.367183  	95.957504 
1837.804090  	95.947577 
1839.240997  	95.948153 
1840.677904  	95.947313 
1842.114811  	95.949751 
1843.551718  	95.993640 
1844.988625  	95.980016 
1846.425532  	95.990947 
1847.862439  	96.043155 
1849.299346  	96.017470 
1850.736253  	96.040487 
1852.173160  	96.074640 
1853.610067  	96.041752 
1855.046974  	96.082715 
1856.483881  	96.025931 
1857.920788  	95.972155 
1859.357695  	96.047502 
1860.794602  	96.030581 
1862.231509  	96.061758 
1863.668416  	96.087325 
1865.105323  	96.011885 
1866.542231  	96.091929 
1867.979138  	96.128023 
1869.416045  	96.064047 
1870.852952  	96.143631 
1872.289859  	96.125202 
1873.726766  	96.111748 
1875.163673  	96.151031 
1876.600580  	96.098606 
1878.037487  	96.124827 
1879.474394  	96.124701 
1880.911301  	96.089479 
1882.348208  	96.131674 
1883.785115  	96.090162 
1885.222022  	96.066324 
1886.658929  	96.097841 
1888.095836  	96.048235 
1889.532743  	96.045099 
1890.969650  	96.038857 
1892.406557  	95.989907 
1893.843464  	96.048095 
1895.280371  	96.065713 
1896.717278  	96.068468 
1898.154185  	96.111305 
1899.591092  	96.094935 
1901.027999  	96.143850 
1902.464906  	96.116775 
1903.901813  	95.964369 
1905.338720  	95.995275 
1906.775627  	96.042944 
1908.212534  	96.079193 
1909.649441  	96.117142 
1911.086348  	95.977771 
1912.523255  	95.994560 
1913.960162  	96.069794 
1915.397069  	96.050992 
1916.833977  	96.136477 
1918.270884  	96.124381 
1919.707791  	96.041828 
1921.144698  	96.099740 
1922.581605  	96.060310 
1924.018512  	95.996903 
1925.455419  	95.999051 
1926.892326  	95.928421 
1928.329233  	95.988089 
1929.766140  	95.984534 
1931.203047  	95.882016 
1932.639954  	95.981877 
1934.076861  	95.935845 
1935.513768  	95.799404 
1936.950675  	95.812819 
1938.387582  	95.844633 
1939.824489  	96.017624 
1941.261396  	96.008647 
1942.698303  	95.764846 
1944.135210  	95.865980 
1945.572117  	95.947832 
1947.009024  	95.888964 
1948.445931  	95.851549 
1949.882838  	95.664501 
1951.319745  	95.620151 
1952.756652  	95.663555 
1954.193559  	95.687618 
1955.630466  	95.797623 
1957.067373  	95.821168 
1958.504280  	95.761861 
1959.941187  	95.753191 
1961.378094  	95.660710 
1962.815001  	95.626639 
1964.251908  	95.580670 
1965.688816  	95.453086 
1967.125723  	95.411173 
1968.562630  	95.341170 
1969.999537  	95.318112 
1971.436444  	95.353255 
1972.873351  	95.254136 
1974.310258  	95.413786 
1975.747165  	95.544237 
1977.184072  	95.378263 
1978.620979  	95.329017 
1980.057886  	95.158669 
1981.494793  	95.056136 
1982.931700  	95.242676 
1984.368607  	95.308312 
1985.805514  	95.300411 
1987.242421  	95.297868 
1988.679328  	95.270611 
1990.116235  	95.337654 
1991.553142  	95.338437 
1992.990049  	95.249606 
1994.426956  	95.184600 
1995.863863  	95.121245 
1997.300770  	95.182077 
1998.737677  	95.179538 
2000.174584  	94.973999 
2001.611491  	94.987479 
2003.048398  	95.017186 
2004.485305  	95.138723 
2005.922212  	95.241970 
2007.359119  	94.880717 
2008.796026  	94.881486 
2010.232933  	95.066926 
2011.669840  	94.915951 
2013.106747  	95.035343 
2014.543654  	94.994825 
2015.980562  	94.991972 
2017.417469  	95.434815 
2018.854376  	95.218366 
2020.291283  	94.962925 
2021.728190  	95.026039 
2023.165097  	94.613310 
2024.602004  	94.491006 
2026.038911  	94.660179 
2027.475818  	94.571217 
2028.912725  	94.778238 
2030.349632  	94.891506 
2031.786539  	94.794853 
2033.223446  	94.795657 
2034.660353  	94.683623 
2036.097260  	94.671048 
2037.534167  	94.464974 
2038.971074  	94.221256 
2040.407981  	94.500586 
2041.844888  	94.587609 
2043.281795  	94.484367 
2044.718702  	94.614651 
2046.155609  	94.588958 
2047.592516  	94.663352 
2049.029423  	94.633745 
2050.466330  	94.306314 
2051.903237  	94.419715 
2053.340144  	94.617111 
2054.777051  	94.483198 
2056.213958  	94.487506 
2057.650865  	94.550406 
2059.087772  	94.506708 
2060.524679  	94.490456 
2061.961586  	94.513152 
2063.398493  	94.573605 
2064.835401  	94.505224 
2066.272308  	94.400627 
2067.709215  	94.416446 
2069.146122  	94.370969 
2070.583029  	94.360710 
2072.019936  	94.386151 
2073.456843  	94.340706 
2074.893750  	94.425378 
2076.330657  	94.452859 
2077.767564  	94.339309 
2079.204471  	94.350699 
2080.641378  	94.336589 
2082.078285  	94.254290 
2083.515192  	94.226598 
2084.952099  	94.210518 
2086.389006  	94.300790 
2087.825913  	94.378929 
2089.262820  	94.314368 
2090.699727  	94.316691 
2092.136634  	94.345940 
2093.573541  	94.273735 
2095.010448  	94.190497 
2096.447355  	94.183660 
2097.884262  	94.267356 
2099.321169  	94.289071 
2100.758076  	94.199271 
2102.194983  	94.147686 
2103.631890  	94.197634 
2105.068797  	94.330604 
2106.505704  	94.347469 
2107.942611  	94.186780 
2109.379518  	94.133213 
2110.816425  	94.188437 
2112.253332  	94.205632 
2113.690239  	94.174561 
2115.127147  	94.072633 
2116.564054  	94.079043 
2118.000961  	94.249638 
2119.437868  	94.360980 
2120.874775  	94.353687 
2122.311682  	94.283226 
2123.748589  	94.298165 
2125.185496  	94.354088 
2126.622403  	94.302007 
2128.059310  	94.376212 
2129.496217  	94.427019 
2130.933124  	94.311382 
2132.370031  	94.568006 
2133.806938  	94.841217 
2135.243845  	94.641453 
2136.680752  	94.618960 
2138.117659  	94.671559 
2139.554566  	94.530308 
2140.991473  	94.548844 
2142.428380  	94.572527 
2143.865287  	94.555294 
2145.302194  	94.540848 
2146.739101  	94.469972 
2148.176008  	94.577463 
2149.612915  	94.644264 
2151.049822  	94.677471 
2152.486729  	94.847942 
2153.923636  	94.810375 
2155.360543  	94.944858 
2156.797450  	95.210352 
2158.234357  	94.913266 
2159.671264  	94.555093 
2161.108171  	94.353137 
2162.545078  	94.376292 
2163.981985  	94.660382 
2165.418893  	94.543867 
2166.855800  	94.405753 
2168.292707  	94.533163 
2169.729614  	94.418656 
2171.166521  	94.336444 
2172.603428  	94.537589 
2174.040335  	94.793702 
2175.477242  	94.759718 
2176.914149  	94.360164 
2178.351056  	94.402815 
2179.787963  	94.738432 
2181.224870  	94.599512 
2182.661777  	94.477373 
2184.098684  	94.541592 
2185.535591  	94.493763 
2186.972498  	94.430496 
2188.409405  	94.306109 
2189.846312  	94.399739 
2191.283219  	94.614011 
2192.720126  	94.518088 
2194.157033  	94.495330 
2195.593940  	94.519428 
2197.030847  	94.404891 
2198.467754  	94.477682 
2199.904661  	94.589637 
2201.341568  	94.720788 
2202.778475  	94.911803 
2204.215382  	94.822262 
2205.652289  	94.731360 
2207.089196  	94.785683 
2208.526103  	94.772402 
2209.963010  	94.770167 
2211.399917  	94.728974 
2212.836824  	94.799919 
2214.273732  	95.023405 
2215.710639  	95.063423 
2217.147546  	95.061875 
2218.584453  	95.041126 
2220.021360  	94.969214 
2221.458267  	95.053501 
2222.895174  	95.035853 
2224.332081  	94.957690 
2225.768988  	95.016612 
2227.205895  	94.997100 
2228.642802  	95.078999 
2230.079709  	95.157753 
2231.516616  	94.950991 
2232.953523  	94.894356 
2234.390430  	95.054362 
2235.827337  	95.162156 
2237.264244  	95.165872 
2238.701151  	95.037658 
2240.138058  	95.077671 
2241.574965  	95.174915 
2243.011872  	95.051865 
2244.448779  	95.144065 
2245.885686  	95.360436 
2247.322593  	95.336564 
2248.759500  	95.361374 
2250.196407  	95.425037 
2251.633314  	95.438151 
2253.070221  	95.484715 
2254.507128  	95.445761 
2255.944035  	95.361393 
2257.380942  	95.301101 
2258.817849  	95.333730 
2260.254756  	95.500484 
2261.691663  	95.524162 
2263.128570  	95.454595 
2264.565478  	95.501780 
2266.002385  	95.498992 
2267.439292  	95.469726 
2268.876199  	95.511715 
2270.313106  	95.555076 
2271.750013  	95.583020 
2273.186920  	95.530317 
2274.623827  	95.478058 
2276.060734  	95.527721 
2277.497641  	95.574261 
2278.934548  	95.609143 
2280.371455  	95.590668 
2281.808362  	95.486027 
2283.245269  	95.445665 
2284.682176  	95.479601 
2286.119083  	95.507564 
2287.555990  	95.520184 
2288.992897  	95.538334 
2290.429804  	95.592794 
2291.866711  	95.608740 
2293.303618  	95.594740 
2294.740525  	95.624410 
2296.177432  	95.633803 
2297.614339  	95.676309 
2299.051246  	95.591334 
2300.488153  	95.705476 
2301.925060  	95.647108 
2303.361967  	95.650797 
2304.798874  	95.631269 
2306.235781  	95.632927 
2307.672688  	95.629886 
2309.109595  	95.602321 
2310.546502  	95.609984 
2311.983409  	95.603370 
2313.420317  	95.610672 
2314.857224  	95.653863 
2316.294131  	95.662854 
2317.731038  	95.678469 
2319.167945  	95.703319 
2320.604852  	95.691096 
2322.041759  	95.598442 
2323.478666  	95.446627 
2324.915573  	95.473031 
2326.352480  	95.660055 
2327.789387  	95.760921 
2329.226294  	95.790364 
2330.663201  	95.795120 
2332.100108  	95.783463 
2333.537015  	95.839999 
2334.973922  	95.893074 
2336.410829  	95.923340 
2337.847736  	95.970018 
2339.284643  	95.985220 
2340.721550  	96.017688 
2342.158457  	96.023408 
2343.595364  	95.975755 
2345.032271  	95.992003 
2346.469178  	95.993109 
2347.906085  	95.975623 
2349.342992  	96.020377 
2350.779899  	96.051180 
2352.216806  	96.059957 
2353.653713  	96.088994 
2355.090620  	96.117924 
2356.527527  	96.163138 
2357.964434  	96.194699 
2359.401341  	96.195166 
2360.838248  	96.213438 
2362.275155  	96.223261 
2363.712063  	96.271159 
2365.148970  	96.362640 
2366.585877  	96.381951 
2368.022784  	96.379507 
2369.459691  	96.399377 
2370.896598  	96.385320 
2372.333505  	96.384052 
2373.770412  	96.417960 
2375.207319  	96.447022 
2376.644226  	96.446198 
2378.081133  	96.444129 
2379.518040  	96.481434 
2380.954947  	96.510296 
2382.391854  	96.519067 
2383.828761  	96.551117 
2385.265668  	96.598285 
2386.702575  	96.639038 
2388.139482  	96.639657 
2389.576389  	96.634513 
2391.013296  	96.671187 
2392.450203  	96.705215 
2393.887110  	96.711891 
2395.324017  	96.710233 
2396.760924  	96.697259 
2398.197831  	96.707769 
2399.634738  	96.730647 
2401.071645  	96.745758 
2402.508552  	96.788418 
2403.945459  	96.813048 
2405.382366  	96.808770 
2406.819273  	96.822205 
2408.256180  	96.829342 
2409.693087  	96.825517 
2411.129994  	96.792548 
2412.566901  	96.772042 
2414.003809  	96.839901 
2415.440716  	96.857200 
2416.877623  	96.801399 
2418.314530  	96.836539 
2419.751437  	96.883451 
2421.188344  	96.877262 
2422.625251  	96.908853 
2424.062158  	96.949408 
2425.499065  	96.955319 
2426.935972  	96.938922 
2428.372879  	96.944017 
2429.809786  	96.990615 
2431.246693  	97.009194 
2432.683600  	97.015716 
2434.120507  	97.044532 
2435.557414  	97.053230 
2436.994321  	97.058116 
2438.431228  	97.056469 
2439.868135  	97.058543 
2441.305042  	97.069220 
2442.741949  	97.012748 
2444.178856  	96.957399 
2445.615763  	96.955520 
2447.052670  	96.947863 
2448.489577  	96.986355 
2449.926484  	97.020564 
2451.363391  	96.998236 
2452.800298  	97.025349 
2454.237205  	97.034670 
2455.674112  	97.001725 
2457.111019  	97.030508 
2458.547926  	97.061983 
2459.984833  	97.093720 
2461.421740  	97.141236 
2462.858648  	97.134037 
2464.295555  	97.115820 
2465.732462  	97.086815 
2467.169369  	97.050677 
2468.606276  	97.089034 
2470.043183  	97.132758 
2471.480090  	97.143246 
2472.916997  	97.165610 
2474.353904  	97.162844 
2475.790811  	97.150764 
2477.227718  	97.149923 
2478.664625  	97.144802 
2480.101532  	97.157420 
2481.538439  	97.166367 
2482.975346  	97.154836 
2484.412253  	97.141097 
2485.849160  	97.152716 
2487.286067  	97.188266 
2488.722974  	97.163453 
2490.159881  	97.130862 
2491.596788  	97.200312 
2493.033695  	97.251042 
2494.470602  	97.213990 
2495.907509  	97.189047 
2497.344416  	97.216130 
2498.781323  	97.261839 
2500.218230  	97.265816 
2501.655137  	97.242063 
2503.092044  	97.228413 
2504.528951  	97.220792 
2505.965858  	97.267275 
2507.402765  	97.296449 
2508.839672  	97.246989 
2510.276579  	97.248220 
2511.713486  	97.255033 
2513.150394  	97.234539 
2514.587301  	97.308744 
2516.024208  	97.344261 
2517.461115  	97.277861 
2518.898022  	97.268483 
2520.334929  	97.289042 
2521.771836  	97.283352 
2523.208743  	97.281891 
2524.645650  	97.307333 
2526.082557  	97.349221 
2527.519464  	97.319393 
2528.956371  	97.278584 
2530.393278  	97.305991 
2531.830185  	97.302217 
2533.267092  	97.310267 
2534.703999  	97.361595 
2536.140906  	97.358356 
2537.577813  	97.372021 
2539.014720  	97.418321 
2540.451627  	97.411727 
2541.888534  	97.380316 
2543.325441  	97.348795 
2544.762348  	97.358592 
2546.199255  	97.412538 
2547.636162  	97.424141 
2549.073069  	97.386065 
2550.509976  	97.324878 
2551.946883  	97.311207 
2553.383790  	97.385265 
2554.820697  	97.425612 
2556.257604  	97.406226 
2557.694511  	97.387102 
2559.131418  	97.379682 
2560.568325  	97.420197 
2562.005232  	97.441698 
2563.442140  	97.409580 
2564.879047  	97.417227 
2566.315954  	97.444862 
2567.752861  	97.476474 
2569.189768  	97.495311 
2570.626675  	97.440045 
2572.063582  	97.411981 
2573.500489  	97.423180 
2574.937396  	97.387064 
2576.374303  	97.388148 
2577.811210  	97.413886 
2579.248117  	97.388530 
2580.685024  	97.382236 
2582.121931  	97.417316 
2583.558838  	97.458885 
2584.995745  	97.477698 
2586.432652  	97.484324 
2587.869559  	97.518437 
2589.306466  	97.511798 
2590.743373  	97.475266 
2592.180280  	97.486159 
2593.617187  	97.455941 
2595.054094  	97.400846 
2596.491001  	97.421339 
2597.927908  	97.438024 
2599.364815  	97.426499 
2600.801722  	97.439129 
2602.238629  	97.442819 
2603.675536  	97.439282 
2605.112443  	97.462586 
2606.549350  	97.492060 
2607.986257  	97.482321 
2609.423164  	97.443907 
2610.860071  	97.436589 
2612.296979  	97.448646 
2613.733886  	97.446022 
2615.170793  	97.439198 
2616.607700  	97.427911 
2618.044607  	97.432278 
2619.481514  	97.447244 
2620.918421  	97.434322 
2622.355328  	97.420211 
2623.792235  	97.412788 
2625.229142  	97.401711 
2626.666049  	97.417013 
2628.102956  	97.435028 
2629.539863  	97.432444 
2630.976770  	97.428129 
2632.413677  	97.416361 
2633.850584  	97.409762 
2635.287491  	97.409450 
2636.724398  	97.392336 
2638.161305  	97.381206 
2639.598212  	97.386536 
2641.035119  	97.391502 
2642.472026  	97.388374 
2643.908933  	97.363710 
2645.345840  	97.338176 
2646.782747  	97.340644 
2648.219654  	97.349805 
2649.656561  	97.345250 
2651.093468  	97.334580 
2652.530375  	97.334830 
2653.967282  	97.350396 
2655.404189  	97.354864 
2656.841096  	97.336472 
2658.278003  	97.324545 
2659.714910  	97.331928 
2661.151817  	97.333660 
2662.588725  	97.330195 
2664.025632  	97.345933 
2665.462539  	97.363374 
2666.899446  	97.366644 
2668.336353  	97.372270 
2669.773260  	97.373669 
2671.210167  	97.371667 
2672.647074  	97.378459 
2674.083981  	97.380720 
2675.520888  	97.377218 
2676.957795  	97.366348 
2678.394702  	97.354040 
2679.831609  	97.358854 
2681.268516  	97.347038 
2682.705423  	97.316995 
2684.142330  	97.316086 
2685.579237  	97.326049 
2687.016144  	97.332563 
2688.453051  	97.338031 
2689.889958  	97.324235 
2691.326865  	97.324361 
2692.763772  	97.333429 
2694.200679  	97.307929 
2695.637586  	97.291709 
2697.074493  	97.306872 
2698.511400  	97.321906 
2699.948307  	97.325743 
2701.385214  	97.301167 
2702.822121  	97.274522 
2704.259028  	97.278517 
2705.695935  	97.280031 
2707.132842  	97.274978 
2708.569749  	97.274702 
2710.006656  	97.263621 
2711.443564  	97.252609 
2712.880471  	97.245573 
2714.317378  	97.234288 
2715.754285  	97.225434 
2717.191192  	97.216482 
2718.628099  	97.208093 
2720.065006  	97.197206 
2721.501913  	97.175769 
2722.938820  	97.157708 
2724.375727  	97.151865 
2725.812634  	97.149267 
2727.249541  	97.137371 
2728.686448  	97.121929 
2730.123355  	97.127166 
2731.560262  	97.135385 
2732.997169  	97.118354 
2734.434076  	97.099038 
2735.870983  	97.088397 
2737.307890  	97.073932 
2738.744797  	97.063815 
2740.181704  	97.059167 
2741.618611  	97.043086 
2743.055518  	97.014011 
2744.492425  	96.988566 
2745.929332  	96.971009 
2747.366239  	96.961530 
2748.803146  	96.964096 
2750.240053  	96.957116 
2751.676960  	96.939277 
2753.113867  	96.930485 
2754.550774  	96.909489 
2755.987681  	96.890143 
2757.424588  	96.901743 
2758.861495  	96.898207 
2760.298402  	96.877161 
2761.735310  	96.877618 
2763.172217  	96.868848 
2764.609124  	96.838319 
2766.046031  	96.818216 
2767.482938  	96.813475 
2768.919845  	96.802874 
2770.356752  	96.775347 
2771.793659  	96.762533 
2773.230566  	96.764557 
2774.667473  	96.736663 
2776.104380  	96.709188 
2777.541287  	96.718610 
2778.978194  	96.721715 
2780.415101  	96.692078 
2781.852008  	96.648352 
2783.288915  	96.612680 
2784.725822  	96.587943 
2786.162729  	96.573567 
2787.599636  	96.575532 
2789.036543  	96.567072 
2790.473450  	96.553309 
2791.910357  	96.563607 
2793.347264  	96.540582 
2794.784171  	96.475598 
2796.221078  	96.442724 
2797.657985  	96.432978 
2799.094892  	96.424955 
2800.531799  	96.419934 
2801.968706  	96.387210 
2803.405613  	96.341945 
2804.842520  	96.310091 
2806.279427  	96.289030 
2807.716334  	96.280680 
2809.153241  	96.261260 
2810.590148  	96.231774 
2812.027056  	96.212153 
2813.463963  	96.179573 
2814.900870  	96.138861 
2816.337777  	96.110960 
2817.774684  	96.094077 
2819.211591  	96.084199 
2820.648498  	96.054317 
2822.085405  	96.015475 
2823.522312  	95.995715 
2824.959219  	95.958666 
2826.396126  	95.914357 
2827.833033  	95.904620 
2829.269940  	95.895632 
2830.706847  	95.865441 
2832.143754  	95.829804 
2833.580661  	95.791885 
2835.017568  	95.750202 
2836.454475  	95.707675 
2837.891382  	95.682117 
2839.328289  	95.663110 
2840.765196  	95.625658 
2842.202103  	95.599558 
2843.639010  	95.592633 
2845.075917  	95.567493 
2846.512824  	95.517893 
2847.949731  	95.461194 
2849.386638  	95.423856 
2850.823545  	95.402569 
2852.260452  	95.369877 
2853.697359  	95.336418 
2855.134266  	95.299416 
2856.571173  	95.258927 
2858.008080  	95.238588 
2859.444987  	95.199714 
2860.881895  	95.139916 
2862.318802  	95.112404 
2863.755709  	95.079174 
2865.192616  	95.017379 
2866.629523  	94.972589 
2868.066430  	94.930207 
2869.503337  	94.871168 
2870.940244  	94.819265 
2872.377151  	94.772185 
2873.814058  	94.718059 
2875.250965  	94.672160 
2876.687872  	94.646576 
2878.124779  	94.612412 
2879.561686  	94.551214 
2880.998593  	94.495517 
2882.435500  	94.455501 
2883.872407  	94.412146 
2885.309314  	94.358299 
2886.746221  	94.296279 
2888.183128  	94.244012 
2889.620035  	94.191506 
2891.056942  	94.123772 
2892.493849  	94.073034 
2893.930756  	94.025867 
2895.367663  	93.953386 
2896.804570  	93.886173 
2898.241477  	93.824557 
2899.678384  	93.767288 
2901.115291  	93.732701 
2902.552198  	93.688643 
2903.989105  	93.624764 
2905.426012  	93.549913 
2906.862919  	93.460199 
2908.299826  	93.396444 
2909.736733  	93.360439 
2911.173641  	93.307739 
2912.610548  	93.244001 
2914.047455  	93.174081 
2915.484362  	93.097691 
2916.921269  	93.026821 
2918.358176  	92.947791 
2919.795083  	92.857673 
2921.231990  	92.772012 
2922.668897  	92.704630 
2924.105804  	92.642942 
2925.542711  	92.555587 
2926.979618  	92.479208 
2928.416525  	92.425938 
2929.853432  	92.337912 
2931.290339  	92.244401 
2932.727246  	92.165759 
2934.164153  	92.061715 
2935.601060  	91.969843 
2937.037967  	91.899220 
2938.474874  	91.818512 
2939.911781  	91.751704 
2941.348688  	91.683206 
2942.785595  	91.594461 
2944.222502  	91.505337 
2945.659409  	91.417878 
2947.096316  	91.345793 
2948.533223  	91.262985 
2949.970130  	91.138774 
2951.407037  	91.021451 
2952.843944  	90.921848 
2954.280851  	90.826955 
2955.717758  	90.743543 
2957.154665  	90.637968 
2958.591572  	90.518789 
2960.028479  	90.414278 
2961.465387  	90.309138 
2962.902294  	90.209058 
2964.339201  	90.101413 
2965.776108  	89.979557 
2967.213015  	89.870558 
2968.649922  	89.751959 
2970.086829  	89.619692 
2971.523736  	89.502502 
2972.960643  	89.391726 
2974.397550  	89.274346 
2975.834457  	89.135324 
2977.271364  	88.996600 
2978.708271  	88.892583 
2980.145178  	88.787714 
2981.582085  	88.665221 
2983.018992  	88.534113 
2984.455899  	88.400287 
2985.892806  	88.285763 
2987.329713  	88.153134 
2988.766620  	88.001519 
2990.203527  	87.875850 
2991.640434  	87.736602 
2993.077341  	87.598086 
2994.514248  	87.477280 
2995.951155  	87.323512 
2997.388062  	87.196502 
2998.824969  	87.093652 
3000.261876  	86.931112 
3001.698783  	86.767621 
3003.135690  	86.626061 
3004.572597  	86.464098 
3006.009504  	86.287610 
3007.446411  	86.096887 
3008.883318  	85.935930 
3010.320226  	85.800683 
3011.757133  	85.634604 
3013.194040  	85.470839 
3014.630947  	85.307649 
3016.067854  	85.139421 
3017.504761  	84.992215 
3018.941668  	84.819478 
3020.378575  	84.630999 
3021.815482  	84.446792 
3023.252389  	84.261265 
3024.689296  	84.112655 
3026.126203  	83.933189 
3027.563110  	83.708547 
3029.000017  	83.516653 
3030.436924  	83.306232 
3031.873831  	83.108247 
3033.310738  	82.957690 
3034.747645  	82.760881 
3036.184552  	82.553955 
3037.621459  	82.345346 
3039.058366  	82.127458 
3040.495273  	81.964572 
3041.932180  	81.755594 
3043.369087  	81.506401 
3044.805994  	81.314083 
3046.242901  	81.082283 
3047.679808  	80.843883 
3049.116715  	80.647490 
3050.553622  	80.410015 
3051.990529  	80.185814 
3053.427436  	79.975718 
3054.864343  	79.738590 
3056.301250  	79.507453 
3057.738157  	79.260387 
3059.175064  	79.048788 
3060.611972  	78.853896 
3062.048879  	78.594827 
3063.485786  	78.363258 
3064.922693  	78.119655 
3066.359600  	77.800545 
3067.796507  	77.529679 
3069.233414  	77.296418 
3070.670321  	77.056010 
3072.107228  	76.819228 
3073.544135  	76.569907 
3074.981042  	76.315457 
3076.417949  	76.019984 
3077.854856  	75.757790 
3079.291763  	75.552693 
3080.728670  	75.240300 
3082.165577  	74.935610 
3083.602484  	74.719113 
3085.039391  	74.439285 
3086.476298  	74.169342 
3087.913205  	73.899882 
3089.350112  	73.580014 
3090.787019  	73.322180 
3092.223926  	73.039641 
3093.660833  	72.731632 
3095.097740  	72.475432 
3096.534647  	72.180909 
3097.971554  	71.907325 
3099.408461  	71.638173 
3100.845368  	71.320293 
3102.282275  	71.052439 
3103.719182  	70.745955 
3105.156089  	70.425064 
3106.592996  	70.164340 
3108.029903  	69.841105 
3109.466811  	69.540177 
3110.903718  	69.246307 
3112.340625  	68.892854 
3113.777532  	68.648855 
3115.214439  	68.388044 
3116.651346  	68.044786 
3118.088253  	67.755199 
3119.525160  	67.412501 
3120.962067  	67.091950 
3122.398974  	66.830441 
3123.835881  	66.501005 
3125.272788  	66.221762 
3126.709695  	65.925767 
3128.146602  	65.568915 
3129.583509  	65.286944 
3131.020416  	64.981383 
3132.457323  	64.702832 
3133.894230  	64.445729 
3135.331137  	64.076154 
3136.768044  	63.776662 
3138.204951  	63.490718 
3139.641858  	63.124463 
3141.078765  	62.830727 
3142.515672  	62.511429 
3143.952579  	62.205310 
3145.389486  	61.970519 
3146.826393  	61.679212 
3148.263300  	61.425742 
3149.700207  	61.126730 
3151.137114  	60.777427 
3152.574021  	60.558537 
3154.010928  	60.256260 
3155.447835  	59.917140 
3156.884742  	59.687670 
3158.321649  	59.388601 
3159.758557  	59.119949 
3161.195464  	58.851223 
3162.632371  	58.531831 
3164.069278  	58.330287 
3165.506185  	58.040357 
3166.943092  	57.733190 
3168.379999  	57.560367 
3169.816906  	57.247307 
3171.253813  	56.957715 
3172.690720  	56.749770 
3174.127627  	56.432693 
3175.564534  	56.200550 
3177.001441  	55.975592 
3178.438348  	55.721259 
3179.875255  	55.542115 
3181.312162  	55.256364 
3182.749069  	55.032270 
3184.185976  	54.862949 
3185.622883  	54.546087 
3187.059790  	54.337941 
3188.496697  	54.138065 
3189.933604  	53.871724 
3191.370511  	53.729214 
3192.807418  	53.499753 
3194.244325  	53.278649 
3195.681232  	53.157634 
3197.118139  	52.933508 
3198.555046  	52.772189 
3199.991953  	52.606744 
3201.428860  	52.394074 
3202.865767  	52.308049 
3204.302674  	52.120116 
3205.739581  	51.918408 
3207.176488  	51.811505 
3208.613395  	51.595866 
3210.050303  	51.446694 
3211.487210  	51.302714 
3212.924117  	51.095178 
3214.361024  	51.033767 
3215.797931  	50.921255 
3217.234838  	50.789194 
3218.671745  	50.698165 
3220.108652  	50.489393 
3221.545559  	50.411513 
3222.982466  	50.351421 
3224.419373  	50.180178 
3225.856280  	50.140833 
3227.293187  	50.017593 
3228.730094  	49.888925 
3230.167001  	49.904259 
3231.603908  	49.769360 
3233.040815  	49.668682 
3234.477722  	49.618785 
3235.914629  	49.495677 
3237.351536  	49.508644 
3238.788443  	49.431306 
3240.225350  	49.307541 
3241.662257  	49.331763 
3243.099164  	49.262222 
3244.536071  	49.269456 
3245.972978  	49.281820 
3247.409885  	49.115808 
3248.846792  	49.114901 
3250.283699  	49.080004 
3251.720606  	48.954464 
3253.157513  	49.006354 
3254.594420  	48.969157 
3256.031327  	48.924442 
3257.468234  	48.940663 
3258.905142  	48.838394 
3260.342049  	48.851809 
3261.778956  	48.876652 
3263.215863  	48.858789 
3264.652770  	48.924026 
3266.089677  	48.826679 
3267.526584  	48.780119 
3268.963491  	48.843859 
3270.400398  	48.752496 
3271.837305  	48.772643 
3273.274212  	48.802977 
3274.711119  	48.746063 
3276.148026  	48.830190 
3277.584933  	48.798505 
3279.021840  	48.754633 
3280.458747  	48.817312 
3281.895654  	48.739466 
3283.332561  	48.753929 
3284.769468  	48.798022 
3286.206375  	48.733932 
3287.643282  	48.772729 
3289.080189  	48.725662 
3290.517096  	48.695026 
3291.954003  	48.783756 
3293.390910  	48.727160 
3294.827817  	48.749232 
3296.264724  	48.792717 
3297.701631  	48.723845 
3299.138538  	48.804210 
3300.575445  	48.808754 
3302.012352  	48.748605 
3303.449259  	48.792821 
3304.886166  	48.728126 
3306.323073  	48.734281 
3307.759980  	48.762245 
3309.196888  	48.681590 
3310.633795  	48.756071 
3312.070702  	48.762734 
3313.507609  	48.723736 
3314.944516  	48.830945 
3316.381423  	48.798377 
3317.818330  	48.800719 
3319.255237  	48.875302 
3320.692144  	48.815540 
3322.129051  	48.833226 
3323.565958  	48.803431 
3325.002865  	48.752560 
3326.439772  	48.854048 
3327.876679  	48.844832 
3329.313586  	48.871986 
3330.750493  	48.946311 
3332.187400  	48.883405 
3333.624307  	48.938075 
3335.061214  	48.959315 
3336.498121  	48.912744 
3337.935028  	48.987576 
3339.371935  	48.949947 
3340.808842  	48.985344 
3342.245749  	49.103588 
3343.682656  	49.041548 
3345.119563  	49.083101 
3346.556470  	49.138507 
3347.993377  	49.143818 
3349.430284  	49.274358 
3350.867191  	49.253055 
3352.304098  	49.260760 
3353.741005  	49.398685 
3355.177912  	49.390825 
3356.614819  	49.486433 
3358.051726  	49.565087 
3359.488634  	49.509648 
3360.925541  	49.608925 
3362.362448  	49.645372 
3363.799355  	49.685290 
3365.236262  	49.835519 
3366.673169  	49.868732 
3368.110076  	49.997356 
3369.546983  	50.071217 
3370.983890  	50.023561 
3372.420797  	50.222585 
3373.857704  	50.359273 
3375.294611  	50.400737 
3376.731518  	50.549402 
3378.168425  	50.573155 
3379.605332  	50.676938 
3381.042239  	50.847853 
3382.479146  	50.912769 
3383.916053  	51.092225 
3385.352960  	51.200564 
3386.789867  	51.275678 
3388.226774  	51.445970 
3389.663681  	51.455896 
3391.100588  	51.569928 
3392.537495  	51.792335 
3393.974402  	51.870967 
3395.411309  	52.042027 
3396.848216  	52.179754 
3398.285123  	52.280867 
3399.722030  	52.490165 
3401.158937  	52.600214 
3402.595844  	52.801530 
3404.032751  	53.038695 
3405.469658  	53.138262 
3406.906565  	53.383037 
3408.343473  	53.550469 
3409.780380  	53.625062 
3411.217287  	53.867230 
3412.654194  	54.001350 
3414.091101  	54.154735 
3415.528008  	54.394129 
3416.964915  	54.498322 
3418.401822  	54.696691 
3419.838729  	54.912623 
3421.275636  	55.115967 
3422.712543  	55.430699 
3424.149450  	55.561799 
3425.586357  	55.696157 
3427.023264  	55.945442 
3428.460171  	56.083539 
3429.897078  	56.301437 
3431.333985  	56.484635 
3432.770892  	56.610022 
3434.207799  	56.909118 
3435.644706  	57.126941 
3437.081613  	57.347473 
3438.518520  	57.626407 
3439.955427  	57.747192 
3441.392334  	57.996926 
3442.829241  	58.287506 
3444.266148  	58.434242 
3445.703055  	58.685878 
3447.139962  	58.908816 
3448.576869  	59.101786 
3450.013776  	59.318002 
3451.450683  	59.442872 
3452.887590  	59.703679 
3454.324497  	59.972512 
3455.761404  	60.128546 
3457.198311  	60.382369 
3458.635219  	60.554706 
3460.072126  	60.739138 
3461.509033  	61.047262 
3462.945940  	61.242521 
3464.382847  	61.470083 
3465.819754  	61.676858 
3467.256661  	61.827568 
3468.693568  	62.121410 
3470.130475  	62.300418 
3471.567382  	62.472767 
3473.004289  	62.788911 
3474.441196  	62.969413 
3475.878103  	63.218757 
3477.315010  	63.486100 
3478.751917  	63.578278 
3480.188824  	63.820834 
3481.625731  	64.112049 
3483.062638  	64.344976 
3484.499545  	64.604184 
3485.936452  	64.726733 
3487.373359  	64.936115 
3488.810266  	65.257096 
3490.247173  	65.449171 
3491.684080  	65.666533 
3493.120987  	65.845000 
3494.557894  	65.999462 
3495.994801  	66.239225 
3497.431708  	66.408717 
3498.868615  	66.660281 
3500.305522  	66.940983 
3501.742429  	67.125621 
3503.179336  	67.458656 
3504.616243  	67.730479 
3506.053150  	67.898287 
3507.490058  	68.187442 
3508.926965  	68.390115 
3510.363872  	68.596533 
3511.800779  	68.832487 
3513.237686  	68.946297 
3514.674593  	69.181722 
3516.111500  	69.409561 
3517.548407  	69.553366 
3518.985314  	69.847675 
3520.422221  	70.088358 
3521.859128  	70.291448 
3523.296035  	70.570700 
3524.732942  	70.759657 
3526.169849  	71.004255 
3527.606756  	71.293306 
3529.043663  	71.529894 
3530.480570  	71.792018 
3531.917477  	71.975884 
3533.354384  	72.170486 
3534.791291  	72.391751 
3536.228198  	72.543251 
3537.665105  	72.803011 
3539.102012  	73.050822 
3540.538919  	73.242616 
3541.975826  	73.533093 
3543.412733  	73.718212 
3544.849640  	73.873774 
3546.286547  	74.147047 
3547.723454  	74.371517 
3549.160361  	74.639516 
3550.597268  	74.838545 
3552.034175  	74.990302 
3553.471082  	75.325481 
3554.907989  	75.534868 
3556.344896  	75.661114 
3557.781804  	75.891290 
3559.218711  	76.048643 
3560.655618  	76.303383 
3562.092525  	76.645286 
3563.529432  	76.847936 
3564.966339  	77.047539 
3566.403246  	77.197652 
3567.840153  	77.399063 
3569.277060  	77.767880 
3570.713967  	77.980092 
3572.150874  	78.170773 
3573.587781  	78.393439 
3575.024688  	78.567136 
3576.461595  	78.811479 
3577.898502  	78.981849 
3579.335409  	79.064625 
3580.772316  	79.264506 
3582.209223  	79.514563 
3583.646130  	79.774828 
3585.083037  	79.933024 
3586.519944  	80.013060 
3587.956851  	80.335428 
3589.393758  	80.634631 
3590.830665  	80.806761 
3592.267572  	81.041658 
3593.704479  	81.203594 
3595.141386  	81.403757 
3596.578293  	81.643926 
3598.015200  	81.764884 
3599.452107  	81.933642 
3600.889014  	82.098511 
3602.325921  	82.263499 
3603.762828  	82.525513 
3605.199735  	82.702853 
3606.636642  	82.880622 
3608.073550  	83.143511 
3609.510457  	83.355193 
3610.947364  	83.565748 
3612.384271  	83.694002 
3613.821178  	83.788650 
3615.258085  	83.997571 
3616.694992  	84.122660 
3618.131899  	84.280336 
3619.568806  	84.538109 
3621.005713  	84.665590 
3622.442620  	84.910479 
3623.879527  	85.203963 
3625.316434  	85.434198 
3626.753341  	85.694299 
3628.190248  	85.934786 
3629.627155  	86.264815 
3631.064062  	86.386593 
3632.500969  	86.468841 
3633.937876  	86.683188 
3635.374783  	86.899691 
3636.811690  	87.060169 
3638.248597  	87.299530 
3639.685504  	87.499395 
3641.122411  	87.670525 
3642.559318  	87.843910 
3643.996225  	88.014379 
3645.433132  	88.331381 
3646.870039  	88.635905 
3648.306946  	88.823887 
3649.743853  	89.103846 
3651.180760  	89.319774 
3652.617667  	89.591568 
3654.054574  	89.939773 
3655.491481  	90.121837 
3656.928389  	90.350983 
3658.365296  	90.631389 
3659.802203  	90.836033 
3661.239110  	91.072811 
3662.676017  	91.261215 
3664.112924  	91.473164 
3665.549831  	91.703119 
3666.986738  	91.892796 
3668.423645  	92.078393 
3669.860552  	92.271790 
3671.297459  	92.410743 
3672.734366  	92.663226 
3674.171273  	92.904170 
3675.608180  	93.069112 
3677.045087  	93.188702 
3678.481994  	93.400850 
3679.918901  	93.627258 
3681.355808  	93.787518 
3682.792715  	93.930499 
3684.229622  	94.120797 
3685.666529  	94.312243 
3687.103436  	94.489005 
3688.540343  	94.650918 
3689.977250  	94.751475 
3691.414157  	94.878577 
3692.851064  	95.021410 
3694.287971  	95.172914 
3695.724878  	95.353178 
3697.161785  	95.494604 
3698.598692  	95.609168 
3700.035599  	95.735864 
3701.472506  	95.794068 
3702.909413  	95.808430 
3704.346320  	95.878524 
3705.783227  	96.002594 
3707.220135  	96.148556 
3708.657042  	96.187879 
3710.093949  	96.184853 
3711.530856  	96.221992 
3712.967763  	96.160899 
3714.404670  	96.229542 
3715.841577  	96.404122 
3717.278484  	96.513034 
3718.715391  	96.608668 
3720.152298  	96.669067 
3721.589205  	96.706286 
3723.026112  	96.704588 
3724.463019  	96.617649 
3725.899926  	96.611524 
3727.336833  	96.615323 
3728.773740  	96.659193 
3730.210647  	96.858913 
3731.647554  	96.933027 
3733.084461  	96.819646 
3734.521368  	96.839177 
3735.958275  	96.747389 
3737.395182  	96.615393 
3738.832089  	96.856119 
3740.268996  	97.038998 
3741.705903  	97.167266 
3743.142810  	97.311577 
3744.579717  	97.207065 
3746.016624  	96.805031 
3747.453531  	96.988056 
3748.890438  	97.203067 
3750.327345  	97.211892 
3751.764252  	97.041036 
3753.201159  	96.852058 
3754.638066  	96.883545 
3756.074973  	97.070915 
3757.511881  	97.135742 
3758.948788  	97.151422 
3760.385695  	97.233113 
3761.822602  	97.176621 
3763.259509  	97.148568 
3764.696416  	97.213893 
3766.133323  	97.165971 
3767.570230  	97.135754 
3769.007137  	97.208204 
3770.444044  	97.116487 
3771.880951  	97.056422 
3773.317858  	97.207633 
3774.754765  	97.272398 
3776.191672  	97.268883 
3777.628579  	97.292880 
3779.065486  	97.313453 
3780.502393  	97.256951 
3781.939300  	97.245433 
3783.376207  	97.277885 
3784.813114  	97.259758 
3786.250021  	97.222480 
3787.686928  	97.252395 
3789.123835  	97.253790 
3790.560742  	97.228884 
3791.997649  	97.236864 
3793.434556  	97.260228 
3794.871463  	97.307397 
3796.308370  	97.326313 
3797.745277  	97.292297 
3799.182184  	97.343938 
3800.619091  	97.437118 
3802.055998  	97.364633 
3803.492905  	97.226400 
3804.929812  	97.328906 
3806.366720  	97.412197 
3807.803627  	97.324465 
3809.240534  	97.298467 
3810.677441  	97.384831 
3812.114348  	97.392713 
3813.551255  	97.406727 
3814.988162  	97.493334 
3816.425069  	97.423325 
3817.861976  	97.303347 
3819.298883  	97.410721 
3820.735790  	97.454372 
3822.172697  	97.296663 
3823.609604  	97.310301 
3825.046511  	97.442350 
3826.483418  	97.482301 
3827.920325  	97.436997 
3829.357232  	97.460201 
3830.794139  	97.510904 
3832.231046  	97.496283 
3833.667953  	97.473647 
3835.104860  	97.525179 
3836.541767  	97.528520 
3837.978674  	97.472304 
3839.415581  	97.450581 
3840.852488  	97.459177 
3842.289395  	97.504389 
3843.726302  	97.539599 
3845.163209  	97.518294 
3846.600116  	97.515938 
3848.037023  	97.545049 
3849.473930  	97.551168 
3850.910837  	97.618487 
3852.347744  	97.775832 
3853.784651  	97.605012 
3855.221558  	97.021993 
3856.658466  	97.163520 
3858.095373  	97.347057 
3859.532280  	97.463462 
3860.969187  	97.572036 
3862.406094  	97.604544 
3863.843001  	97.651355 
3865.279908  	97.576848 
3866.716815  	97.368985 
3868.153722  	97.538830 
3869.590629  	97.721458 
3871.027536  	97.420383 
3872.464443  	97.372409 
3873.901350  	97.504009 
3875.338257  	97.394147 
3876.775164  	97.443065 
3878.212071  	97.613973 
3879.648978  	97.655447 
3881.085885  	97.564036 
3882.522792  	97.470299 
3883.959699  	97.581483 
3885.396606  	97.654892 
3886.833513  	97.431135 
3888.270420  	97.423242 
3889.707327  	97.585414 
3891.144234  	97.530272 
3892.581141  	97.392442 
3894.018048  	97.460786 
3895.454955  	97.567319 
3896.891862  	97.612287 
3898.328769  	97.601377 
3899.765676  	97.519258 
3901.202583  	97.447245 
3902.639490  	97.523599 
3904.076397  	97.563056 
3905.513305  	97.426144 
3906.950212  	97.425079 
3908.387119  	97.535691 
3909.824026  	97.601307 
3911.260933  	97.640596 
3912.697840  	97.610775 
3914.134747  	97.574748 
3915.571654  	97.581539 
3917.008561  	97.539110 
3918.445468  	97.520417 
3919.882375  	97.541608 
3921.319282  	97.529616 
3922.756189  	97.541673 
3924.193096  	97.581201 
3925.630003  	97.540696 
3927.066910  	97.552141 
3928.503817  	97.611739 
3929.940724  	97.610980 
3931.377631  	97.595162 
3932.814538  	97.566225 
3934.251445  	97.542095 
3935.688352  	97.568781 
3937.125259  	97.552658 
3938.562166  	97.483136 
3939.999073  	97.497373 
3941.435980  	97.565931 
3942.872887  	97.520845 
3944.309794  	97.456196 
3945.746701  	97.513395 
3947.183608  	97.576016 
3948.620515  	97.570942 
3950.057422  	97.571290 
3951.494329  	97.571623 
3952.931236  	97.554271 
3954.368143  	97.579428 
3955.805051  	97.620358 
3957.241958  	97.613095 
3958.678865  	97.592061 
3960.115772  	97.557964 
3961.552679  	97.584688 
3962.989586  	97.610225 
3964.426493  	97.596402 
3965.863400  	97.606209 
3967.300307  	97.620976 
3968.737214  	97.606803 
3970.174121  	97.589172 
3971.611028  	97.579899 
3973.047935  	97.592735 
3974.484842  	97.624423 
3975.921749  	97.639752 
3977.358656  	97.611707 
3978.795563  	97.570900 
3980.232470  	97.590809 
3981.669377  	97.628962 
3983.106284  	97.600698 
3984.543191  	97.567348 
3985.980098  	97.567982 
3987.417005  	97.569229 
3988.853912  	97.586274 
3990.290819  	97.616803 
3991.727726  	97.646130 
3993.164633  	97.667574 
3994.601540  	97.661674 
3996.038447  	97.647347 
3997.475354  	97.637903 
3998.912261  	97.628204 
4000.349168  	97.637323 